Gen   ID    Origin   Composition    Enthalpy   Volume  Density   Fitness   KPOINTS  SYMM  Q_entr A_order S_order
                                      (eV)     (A^3)  (g/cm^3)
  1    1   Random    [     4120  ]   103.842   278.747   3.993     51.921  [ 3  3  2] 225  0.214  2.410  1.601
  1    2   Random    [     4120  ]    97.681   278.755   3.993     48.841  [ 2  4  2] 164  0.237  2.210  1.452
  1    3   Random    [     4120  ]    51.259   278.802   3.992     25.630  [ 2  3  3] 225  0.221  2.158  1.454
  1    4   Random    [     4120  ]    11.301   278.828   3.992      5.651  [ 3  2  3] 225  0.161  1.943  1.545
  1    5   Random    [     4120  ]    54.928   278.821   3.992     27.464  [ 2  2  3] 225  0.091  2.012  1.787
  1    6   Random    [     4120  ]    60.636   278.804   3.992     30.318  [ 2  3  3] 225  0.159  2.072  1.647
  1    7   Random    [     4120  ]    21.148   278.838   3.992     10.574  [ 2  2  3] 225  0.079  2.138  1.968
  1    8   Random    [     4120  ]    60.033   278.809   3.992     30.016  [ 3  3  2] 225  0.122  1.812  1.554
  1    9   Random    [     4120  ]   113.634   278.776   3.992     56.817  [ 2  2  4]  12  0.254  2.273  1.359
  1   10   Random    [     4120  ]    17.865   278.790   3.992      8.932  [ 2  4  2]  12  0.193  2.254  1.648
  1   11   Random    [     4120  ]    15.546   278.798   3.992      7.773  [ 2  3  3] 225  0.198  2.237  1.587
  1   12   Random    [     4120  ]   114.530   278.802   3.992     57.265  [ 3  3  2] 166  0.224  2.476  1.597
  1   13   Random    [     4120  ]    22.594   278.795   3.992     11.297  [ 3  3  2] 225  0.179  2.109  1.545
  1   14   Random    [     4120  ]    60.473   278.845   3.991     30.236  [ 3  2  2]   1  0.190  2.340  1.766
  1   15   Random    [     4120  ]   136.673   278.792   3.992     68.337  [ 2  3  3] 225  0.213  2.481  1.640
  1   16   Random    [     4120  ]   142.098   278.822   3.992     71.049  [ 3  3  2] 225  0.121  2.196  1.925
  1   17   Random    [     4120  ]   115.265   278.840   3.992     57.633  [ 4  2  2] 164  0.250  2.311  1.416
  1   18   Random    [     4120  ]    22.019   278.831   3.992     11.010  [ 2  4  2]  12  0.226  2.151  1.435
  1   19   Random    [     2 60  ]    10.669   139.389   3.992     10.669  [ 3  2  3] 225  0.095  2.041  1.843
  1   20   Random    [     4120  ]     9.705   278.822   3.992      4.853  [ 4  2  2]  10  0.242  2.074  1.322
  1   21   Random    [     2 60  ]    30.896   139.395   3.992     30.896  [ 4  2  3] 225  0.230  2.540  1.623
  1   22   Random    [     4120  ]    55.469   278.781   3.992     27.735  [ 2  3  3] 225  0.199  1.978  1.395
  1   23   Random    [     4120  ]    30.601   278.808   3.992     15.301  [ 2  4  2]  12  0.257  1.878  1.147
  1   24   Random    [     2 60  ]    31.313   139.390   3.992     31.313  [ 3  4  2] 225  0.164  2.324  1.866
  1   25   Random    [     2 60  ]    24.470   139.370   3.993     24.470  [ 3  3  2] 225  0.188  2.540  1.881
  1   26   Random    [     2 60  ]    30.829   139.406   3.992     30.829  [ 2  3  3] 225  0.061  2.513  2.355
  1   27   Random    [     2 60  ]    84.351   139.404   3.992     84.351  [ 3  3  2] 225  0.231  2.685  1.747
  1   28   Random    [     2 60  ]    32.677   139.432   3.991     32.677  [ 3  4  2] 225  0.090  1.907  1.716
  1   29   Random    [     4120  ]   116.448   278.816   3.992     58.224  [ 2  4  2] 164  0.184  2.545  1.973
  1   30   Random    [     4120  ]    77.458   278.794   3.992     38.729  [ 3  2  3] 225  0.197  1.961  1.408
  1   31   Random    [     4120  ]   127.124   278.834   3.992     63.562  [ 4  2  2]  10  0.250  2.320  1.448
  1   32   Random    [     2 60  ]    30.646   139.408   3.992     30.646  [ 3  2  3] 225  0.088  2.289  2.082
  1   33   Random    [     2 60  ]    26.188   139.377   3.993     26.188  [ 3  2  3] 225  0.055  2.494  2.371
  1   34   Random    [     2 60  ]    27.571   139.383   3.993     27.571  [ 3  2  3] 225  0.103  2.145  1.936
  1   35   Random    [     2 60  ]    31.605   139.395   3.992     31.605  [ 2  3  3] 225  0.096  2.121  1.860
  1   36   Random    [     2 60  ]     9.536   139.380   3.993      9.536  [ 3  4  2] 225  0.084  2.064  1.889
  1   37   Random    [     2 60  ]    31.970   139.411   3.992     31.970  [ 3  2  3] 225  0.135  2.481  2.127
  1   38   Random    [     2 60  ]     9.497   139.412   3.992      9.497  [ 3  2  3] 225  0.083  2.038  1.874
  1   39   Random    [     2 60  ]    28.938   139.375   3.993     28.938  [ 3  4  2] 225  0.178  2.421  1.885
  1   40   Random    [     2 60  ]    32.084   139.414   3.992     32.084  [ 3  2  3] 225  0.075  2.200  2.022
  1   41   Random    [     2 60  ]    40.150   139.415   3.992     40.150  [ 3  4  2] 225  0.182  2.470  1.889
  1   42   Random    [     2 60  ]    16.783   139.413   3.992     16.783  [ 3  2  3] 225  0.182  2.519  1.952
  1   43   Random    [     4120  ]    32.733   278.782   3.992     16.366  [ 2  2  4]  11  0.219  2.005  1.376
  1   44   Random    [     4120  ]    38.657   278.813   3.992     19.329  [ 3  3  2] 225  0.190  1.987  1.421
  1   45   Random    [     2 60  ]    29.593   139.401   3.992     29.593  [ 3  4  2] 225  0.086  1.998  1.819
  1   46   Random    [     2 60  ]     7.340   139.391   3.992      7.340  [ 2  3  3] 225  0.101  2.305  2.029
  1   47   Random    [     2 60  ]    11.646   139.398   3.992     11.646  [ 3  3  2] 225  0.073  2.054  1.945
  1   48   Random    [     2 60  ]    29.967   139.383   3.993     29.967  [ 3  4  2] 225  0.080  2.019  1.853
  1   49   Random    [     2 60  ]    95.414   139.388   3.992     95.414  [ 4  2  3] 225  0.241  2.647  1.651
  1   50   Random    [     2 60  ]    13.959   139.368   3.993     13.959  [ 3  2  3] 225  0.105  2.052  1.801
  1   51   Random    [     2 60  ]    38.419   139.374   3.993     38.419  [ 3  3  2] 225  0.087  1.910  1.738
  1   52   Random    [     2 60  ]    25.168   139.410   3.992     25.168  [ 3  2  3] 225  0.203  2.531  1.816
  1   53   Random    [     2 60  ]   121.796   139.416   3.992    121.796  [ 3  4  2] 225  0.201  2.611  1.837
  1   54   Random    [     4120  ]     7.812   278.844   3.991      3.906  [ 3  2  3] 225  0.234  2.254  1.381
  1   55   Random    [     4120  ]    21.717   278.791   3.992     10.858  [ 4  2  2]  12  0.227  2.284  1.545
  1   56   Random    [     2 60  ]     7.290   139.401   3.992      7.290  [ 3  2  3] 225  0.101  2.270  1.988
  1   57   Random    [     2 60  ]    36.410   139.403   3.992     36.410  [ 3  4  2] 225  0.245  2.582  1.543
  1   58   Random    [     2 60  ]    32.096   139.431   3.991     32.096  [ 3  3  2] 225  0.245  2.522  1.525
  1   59   Random    [     2 60  ]     1.642   139.386   3.992      1.642  [ 3  4  2] 225  0.148  2.411  2.020
  1   60   Random    [     2 60  ]     6.746   139.391   3.992      6.746  [ 2  4  3] 225  0.096  2.307  2.044
  1   61   Random    [     2 60  ]     9.174   139.410   3.992      9.174  [ 3  3  2] 225  0.099  2.359  2.101
  1   62   Random    [     2 60  ]    48.561   139.405   3.992     48.561  [ 3  4  2] 225  0.223  2.606  1.761
  1   63   Random    [     2 60  ]    51.707   139.390   3.992     51.707  [ 3  4  2] 225  0.231  2.421  1.592
  1   64   Random    [     2 60  ]    30.733   139.418   3.992     30.733  [ 3  4  2] 225  0.154  2.523  2.067
  1   65   Random    [     2 60  ]    33.793   139.405   3.992     33.793  [ 2  3  3] 225  0.179  2.437  1.891
  1   66   Random    [     2 60  ]     9.610   139.394   3.992      9.610  [ 3  3  2] 225  0.087  2.151  1.944
  1   67   Random    [     2 60  ]    10.847   139.389   3.992     10.847  [ 4  3  2] 225  0.092  2.035  1.838
  1   68   Random    [     2 60  ]    26.437   139.418   3.992     26.437  [ 3  2  3] 225  0.090  2.103  1.908
  1   69   Random    [     2 60  ]    18.943   139.384   3.993     18.943  [ 3  4  2] 225  0.084  2.177  1.942
  1   70   Random    [     2 60  ]    26.122   139.390   3.992     26.122  [ 3  4  2] 225  0.094  2.136  1.903
  1   71   Random    [     2 60  ]    27.690   139.402   3.992     27.690  [ 2  4  3] 225  0.088  2.028  1.819
  1   72   Random    [     2 60  ]     8.827   139.382   3.993      8.827  [ 2  3  3] 225  0.205  2.368  1.708
  1   73   Random    [     2 60  ]    19.022   139.364   3.993     19.022  [ 3  2  3] 225  0.197  2.334  1.695
  1   74   Random    [     2 60  ]    30.870   139.402   3.992     30.870  [ 3  2  3] 225  0.080  2.122  1.934
  1   75   Random    [     2 60  ]    56.706   139.410   3.992     56.706  [ 3  4  2] 225  0.241  2.630  1.644
  1   76   Random    [     2 60  ]    18.828   139.404   3.992     18.828  [ 2  3  3] 225  0.197  2.373  1.775
  1   77   Random    [     2 60  ]     7.762   139.364   3.993      7.762  [ 3  2  3] 225  0.099  2.281  2.031
  1   78   Random    [     2 60  ]    58.607   139.413   3.992     58.607  [ 3  2  3] 225  0.228  2.578  1.698
  1   79   Random    [     2 60  ]    17.551   139.389   3.992     17.551  [ 3  3  2] 225  0.229  2.483  1.649
  1   80   Random    [     2 60  ]    16.417   139.410   3.992     16.417  [ 4  2  3] 225  0.209  2.496  1.744
  1   81   Random    [     2 60  ]    11.711   139.404   3.992     11.711  [ 2  4  3] 225  0.102  2.154  1.837
  1   82   Random    [     2 60  ]    25.841   139.422   3.991     25.841  [ 3  3  2] 225  0.082  2.162  1.985
  1   83   Random    [     2 60  ]    10.125   139.378   3.993     10.125  [ 2  4  3] 225  0.089  2.137  1.916
  1   84   Random    [     4120  ]   180.422   278.795   3.992     90.211  [ 2  3  3] 225  0.228  2.380  1.489
  1   85   Random    [     4120  ]   107.720   278.757   3.993     53.860  [ 3  2  2] 225  0.072  2.186  2.024
  1   86   Random    [     2 60  ]    31.727   139.435   3.991     31.727  [ 4  2  3] 225  0.163  2.462  2.001
  1   87   Random    [     2 60  ]    41.153   139.400   3.992     41.153  [ 3  2  3] 225  0.181  2.632  2.010
  1   88   Random    [     2 60  ]    24.618   139.386   3.993     24.618  [ 3  3  2] 225  0.205  2.495  1.759
  1   89   Random    [     2 60  ]    47.012   139.407   3.992     47.012  [ 3  3  2] 225  0.228  2.473  1.633
  1   90   Random    [     2 60  ]     6.682   139.382   3.993      6.682  [ 2  4  3] 225  0.096  2.291  2.019
  1   91   Random    [     2 60  ]    34.260   139.421   3.991     34.260  [ 2  4  3] 225  0.089  1.945  1.761
  1   92   Random    [     2 60  ]     9.409   139.426   3.991      9.409  [ 3  4  2] 225  0.091  2.139  1.926
  1   93   Random    [     4120  ]   118.593   278.807   3.992     59.296  [ 2  4  2]  12  0.247  2.042  1.324
  1   94   Random    [     2 60  ]     9.539   139.395   3.992      9.539  [ 3  4  2] 225  0.094  2.099  1.863
  1   95   Random    [     2 60  ]    25.637   139.399   3.992     25.637  [ 3  4  2] 225  0.166  2.566  2.036
  1   96   Random    [     2 60  ]    30.863   139.419   3.992     30.863  [ 3  2  3] 225  0.144  2.408  2.020
  1   97   Random    [     2 60  ]    10.493   139.400   3.992     10.493  [ 3  4  2] 225  0.083  2.262  2.051
  1   98   Random    [     2 60  ]    26.861   139.378   3.993     26.861  [ 3  2  3] 225  0.097  2.182  1.949
