# It contains the all the information in extendedConvexHull.pdf
# X axis: Composition 
# Y axis: Formation energy relative to the substance
# Fitness: its distance to the convex hull (eV/block)
  ID   Compositions    Enthalpies     Volumes     Fitness   SYMM    X        Y     
                       (eV/atom)    (A^3/atom)   (eV/block)              (eV/atom) 
2595  [    20  0  ]     19.3229      17.0465      0.0000    194   0.000   0.0000
5756  [     4  8  ]      5.4117       6.9821      0.0000    191   0.667  -0.6626
5785  [     2 20  ]      0.9942       3.2300      0.0000     65   0.909  -0.2625
9003  [     1 12  ]      0.7438       3.1307      0.0000     71   0.923  -0.2350
9220  [     2 12  ]      1.9368       4.1074      0.0000     44   0.857  -0.3523
9269  [     1 23  ]      0.1158       2.5295      0.0000     12   0.958  -0.1623
9719  [     0 12  ]     -0.5499       1.9399      0.0000     15   1.000   0.0000
7006  [     2 12  ]      1.9396       4.0968      0.0028     70   0.857  -0.3495
3575  [     4  8  ]      5.4152       7.0793      0.0035    191   0.667  -0.6591
2988  [     1 12  ]      0.7474       3.0764      0.0036     71   0.923  -0.2313
2756  [     1 12  ]      0.7485       3.0623      0.0047     12   0.923  -0.2302
5149  [     2 12  ]      1.9416       4.0856      0.0048     15   0.857  -0.3475
7247  [     2 12  ]      1.9415       4.1495      0.0048     44   0.857  -0.3475
3218  [     1 12  ]      0.7488       3.2073      0.0050     71   0.923  -0.2300
5148  [     2 12  ]      1.9425       4.0984      0.0057    123   0.857  -0.3466
4827  [     1 12  ]      0.7523       3.0610      0.0085     12   0.923  -0.2265
9028  [     0 12  ]     -0.5414       1.9579      0.0085     36   1.000   0.0085
4915  [     0 14  ]     -0.5397       1.9450      0.0102      2   1.000   0.0102
7956  [     2 12  ]      1.9483       4.1358      0.0115      2   0.857  -0.3408
7668  [     2 18  ]      1.1711       3.4410      0.0120      2   0.900  -0.2662
3637  [     2 15  ]      1.4920       3.6991      0.0127     12   0.882  -0.2960
8996  [     2 12  ]      1.9495       4.2273      0.0127    123   0.857  -0.3396
4677  [     2 15  ]      1.4923       3.6902      0.0129     69   0.882  -0.2958
8559  [     0 12  ]     -0.5367       1.9762      0.0132     36   1.000   0.0132
4246  [     2 11  ]      2.1521       4.2648      0.0148      8   0.846  -0.3554
8033  [    20  0  ]     19.3381      16.9279      0.0152    194   0.000   0.0152
4016  [     1 13  ]      0.6612       2.9948      0.0153      8   0.929  -0.2084
7805  [    20  0  ]     19.3383      16.5133      0.0154    194   0.000   0.0154
4391  [     2 20  ]      1.0102       3.3866      0.0161     51   0.909  -0.2465
9396  [     2 18  ]      1.1755       3.5085      0.0164      2   0.900  -0.2619
8454  [     2 22  ]      0.8757       3.1737      0.0172      2   0.917  -0.2305
9630  [     1 20  ]      0.2391       2.6599      0.0173      2   0.952  -0.1573
7370  [     2 12  ]      1.9545       4.2614      0.0177     44   0.857  -0.3346
5286  [     2 11  ]      2.1550       4.2500      0.0178      8   0.846  -0.3524
4480  [     1 12  ]      0.7618       3.1307      0.0180     12   0.923  -0.2170
9036  [     0 24  ]     -0.5315       1.7835      0.0185     64   1.000   0.0185
6621  [     1 19  ]      0.2830       2.6944      0.0187      1   0.950  -0.1608
7055  [     1 22  ]      0.1667       2.6094      0.0187     12   0.957  -0.1474
5871  [     4  8  ]      5.4305       7.2171      0.0188    191   0.667  -0.6438
9472  [     2 12  ]      1.9555       4.2015      0.0188      2   0.857  -0.3335
5761  [     4  8  ]      5.4306       6.9416      0.0189    191   0.667  -0.6438
4374  [     4  8  ]      5.4310       7.0297      0.0193    191   0.667  -0.6433
7796  [     2 15  ]      1.4990       3.5865      0.0197     12   0.882  -0.2890
1717  [     1 12  ]      0.7639       2.8960      0.0201     12   0.923  -0.2149
6093  [     2 12  ]      1.9571       4.1766      0.0203      1   0.857  -0.3320
7392  [     4  8  ]      5.4325       6.7756      0.0208    191   0.667  -0.6418
5196  [     1 22  ]      0.1697       2.6390      0.0217      1   0.957  -0.1444
9394  [     2 20  ]      1.0175       3.4189      0.0234     59   0.909  -0.2392
3313  [     0 14  ]     -0.5263       1.9869      0.0236     69   1.000   0.0236
7909  [     2 15  ]      1.5031       3.7188      0.0237      2   0.882  -0.2850
4927  [     2 12  ]      1.9605       4.1068      0.0238     41   0.857  -0.3285
8058  [     1 13  ]      0.6697       2.9861      0.0238      8   0.929  -0.1999
9366  [     1 12  ]      0.7678       2.9222      0.0240     12   0.923  -0.2109
6592  [     2 21  ]      0.9476       3.2800      0.0242      2   0.913  -0.2306
5395  [     0 12  ]     -0.5251       1.9825      0.0248     69   1.000   0.0248
8484  [     1 18  ]      0.3361       2.7722      0.0251     12   0.947  -0.1599
8152  [    20  0  ]     19.3482      17.1932      0.0253    194   0.000   0.0253
2208  [     0 24  ]     -0.5245       1.8373      0.0254      2   1.000   0.0254
8100  [     1 11  ]      0.8847       3.1911      0.0262     44   0.917  -0.2214
4834  [     2 11  ]      2.1637       4.2708      0.0265      8   0.846  -0.3437
6477  [     1 21  ]      0.2101       2.6163      0.0269      2   0.955  -0.1433
5199  [     2 22  ]      0.8856       3.2340      0.0271     31   0.917  -0.2205
6618  [     2 18  ]      1.1863       3.5216      0.0272      2   0.900  -0.2510
7441  [     2 18  ]      1.1863       3.4823      0.0272      1   0.900  -0.2510
2097  [     1 22  ]      0.1756       2.5810      0.0276      1   0.957  -0.1385
6395  [     1 17  ]      0.3908       2.7760      0.0276      8   0.944  -0.1633
9104  [     2 12  ]      1.9648       4.2659      0.0280      2   0.857  -0.3243
6948  [     2 20  ]      1.0222       3.2646      0.0281      2   0.909  -0.2345
5463  [     1 16  ]      0.4500       2.8231      0.0286      2   0.941  -0.1691
8086  [     2 11  ]      2.1660       4.1933      0.0287      1   0.846  -0.3415
4595  [     2 11  ]      2.1671       4.1471      0.0299      1   0.846  -0.3403
9046  [     2 18  ]      1.1893       3.4929      0.0302     12   0.900  -0.2480
6383  [     1 19  ]      0.2946       2.6050      0.0304      1   0.950  -0.1491
6303  [     2 14  ]      1.6433       3.8187      0.0306     12   0.875  -0.2909
6676  [     1 13  ]      0.6765       2.9142      0.0306      8   0.929  -0.1931
3114  [     0 12  ]     -0.5188       1.9468      0.0311     12   1.000   0.0311
5093  [     1 21  ]      0.2143       2.6177      0.0311      1   0.955  -0.1390
3390  [    20  0  ]     19.3544      16.9013      0.0315    194   0.000   0.0315
4822  [     2 11  ]      2.1687       4.1702      0.0315      2   0.846  -0.3387
5693  [    20  0  ]     19.3545      16.9851      0.0316    194   0.000   0.0316
2542  [     0 12  ]     -0.5179       1.9634      0.0321     12   1.000   0.0321
5711  [     1 14  ]      0.5932       2.9407      0.0321     44   0.933  -0.1817
1448  [    16  1  ]     18.1277      16.1069      0.0322     12   0.059  -0.0263
7083  [     2 18  ]      1.1915       3.3051      0.0324     12   0.900  -0.2459
9193  [     1 15  ]      0.5192       2.8423      0.0324      2   0.938  -0.1729
4396  [     2 21  ]      0.9562       3.3792      0.0328      6   0.913  -0.2219
4790  [     2 14  ]      1.6455       4.0025      0.0328      2   0.875  -0.2887
6518  [     1 16  ]      0.4544       2.7468      0.0330     12   0.941  -0.1647
2174  [     1 12  ]      0.7769       3.2714      0.0331     12   0.923  -0.2019
4657  [     2 17  ]      1.2877       3.7005      0.0331      1   0.895  -0.2543
8303  [     2 11  ]      2.1704       4.1795      0.0331      1   0.846  -0.3370
2540  [     1 11  ]      0.8917       3.1556      0.0332      8   0.917  -0.2144
5319  [     2 19  ]      1.1063       3.4463      0.0336      2   0.905  -0.2364
5848  [     0 14  ]     -0.5163       1.8875      0.0337     12   1.000   0.0337
4468  [     2 12  ]      1.9709       4.3803      0.0342     70   0.857  -0.3181
7091  [     1 20  ]      0.2560       2.8309      0.0342      2   0.952  -0.1404
7411  [     1 23  ]      0.1502       2.5914      0.0344      1   0.958  -0.1279
3467  [     1 22  ]      0.1827       2.7926      0.0346     12   0.957  -0.1315
3801  [     1 12  ]      0.7784       3.0374      0.0346      6   0.923  -0.2003
7028  [     1 12  ]      0.7792       3.1173      0.0354      1   0.923  -0.1996
2043  [    16  1  ]     18.1310      15.7900      0.0356      2   0.059  -0.0229
6920  [     1 11  ]      0.8945       3.1193      0.0360      5   0.917  -0.2116
6384  [     1 19  ]      0.3008       2.7567      0.0366      8   0.950  -0.1429
4179  [     2 18  ]      1.1958       3.5837      0.0367      1   0.900  -0.2415
4907  [     1 14  ]      0.5978       2.9352      0.0367      2   0.933  -0.1772
3527  [     2 15  ]      1.5162       3.7356      0.0369      8   0.882  -0.2719
5705  [     1 17  ]      0.4005       2.8299      0.0374      6   0.944  -0.1536
8499  [     2 15  ]      1.5169       3.4642      0.0376     69   0.882  -0.2711
6640  [     1 17  ]      0.4014       2.8010      0.0382     12   0.944  -0.1528
 572  [     4  8  ]      5.4500       7.2724      0.0383    191   0.667  -0.6243
4185  [    20  0  ]     19.3613      16.5743      0.0384    194   0.000   0.0384
1208  [    20  0  ]     19.3615      17.1438      0.0386    194   0.000   0.0386
1179  [     1 20  ]      0.2605       2.6421      0.0387     12   0.952  -0.1359
4261  [     1 11  ]      0.8974       3.3571      0.0389     44   0.917  -0.2087
3411  [     2 15  ]      1.5184       3.7170      0.0391      1   0.882  -0.2696
7655  [     2 21  ]      0.9628       3.2746      0.0394      1   0.913  -0.2154
4635  [     2 21  ]      0.9635       3.2444      0.0401      2   0.913  -0.2146
9481  [     2 12  ]      1.9770       4.0470      0.0402     69   0.857  -0.3121
1750  [     1 22  ]      0.1884       2.7405      0.0403      8   0.957  -0.1257
1323  [     1 18  ]      0.3515       2.8220      0.0405      2   0.947  -0.1445
6011  [     0 23  ]     -0.5093       1.8903      0.0406      2   1.000   0.0406
1602  [     1 12  ]      0.7853       3.1273      0.0415      2   0.923  -0.1934
4937  [     2 11  ]      2.1787       4.5441      0.0415      8   0.846  -0.3287
2264  [    16  1  ]     18.1375      16.2812      0.0420     12   0.059  -0.0164
9573  [     1 13  ]      0.6879       3.0288      0.0420     44   0.929  -0.1817
2796  [     2 20  ]      1.0368       3.4344      0.0427      8   0.909  -0.2199
8730  [    20  0  ]     19.3657      17.2266      0.0427    194   0.000   0.0427
3576  [     2 10  ]      2.4139       4.6690      0.0428     15   0.833  -0.3483
5700  [     1 17  ]      0.4061       2.7889      0.0429      5   0.944  -0.1480
2386  [     1 15  ]      0.5299       2.9227      0.0430      1   0.938  -0.1623
5924  [     3 16  ]      2.2542       4.3872      0.0432      2   0.842  -0.3336
3597  [     2 20  ]      1.0377       3.3950      0.0436      2   0.909  -0.2190
 824  [     1 22  ]      0.1918       2.5461      0.0438      1   0.957  -0.1223
7542  [     2 19  ]      1.1167       3.2724      0.0440      5   0.905  -0.2260
3188  [     1 16  ]      0.4655       2.9318      0.0441      1   0.941  -0.1535
1389  [     0 23  ]     -0.5057       2.0004      0.0442      1   1.000   0.0442
8179  [     2 12  ]      1.9809       3.9872      0.0442     69   0.857  -0.3081
8288  [     1 13  ]      0.6903       3.2068      0.0443      8   0.929  -0.1793
9374  [     2 10  ]      2.4159       4.5961      0.0448     15   0.833  -0.3463
4979  [     1 21  ]      0.2282       2.7818      0.0449      1   0.955  -0.1252
1315  [     2 16  ]      1.4060       3.7496      0.0453      1   0.889  -0.2522
1690  [     2 14  ]      1.6586       3.9533      0.0459      2   0.875  -0.2755
5326  [     1 19  ]      0.3106       2.6516      0.0464      1   0.950  -0.1331
3871  [     2 15  ]      1.5259       3.6857      0.0466      5   0.882  -0.2621
1146  [     4  9  ]      4.9907       6.5607      0.0467     10   0.692  -0.5741
4356  [     3 10  ]      3.5874       5.6731      0.0468    119   0.769  -0.4487
9457  [     1 13  ]      0.6927       3.0482      0.0468      1   0.929  -0.1768
4492  [     2 10  ]      2.4182       4.5632      0.0471     12   0.833  -0.3440
7982  [     1 11  ]      0.9060       3.2442      0.0474     44   0.917  -0.2002
8687  [     3 21  ]      1.6603       3.8486      0.0476      6   0.875  -0.2739
7096  [     3 17  ]      2.1147       4.2912      0.0477      1   0.850  -0.3163
2853  [     1 14  ]      0.6090       3.0707      0.0480      1   0.933  -0.1659
9049  [     2 18  ]      1.2073       3.6277      0.0482      2   0.900  -0.2301
2907  [     1 21  ]      0.2316       2.5720      0.0484      1   0.955  -0.1218
3413  [     1 15  ]      0.5353       2.6988      0.0484      5   0.938  -0.1569
4780  [    20  0  ]     19.3715      17.3234      0.0486      1   0.000   0.0486
1571  [     1 16  ]      0.4701       2.9806      0.0487      1   0.941  -0.1490
2471  [     2 16  ]      1.4094       3.7995      0.0487     12   0.889  -0.2487
1656  [     2 17  ]      1.3034       3.7320      0.0488      1   0.895  -0.2386
2980  [     0 13  ]     -0.5011       1.9950      0.0488      1   1.000   0.0488
9277  [     2 20  ]      1.0429       3.4825      0.0488      6   0.909  -0.2138
1599  [     2 11  ]      2.1863       4.5522      0.0490     12   0.846  -0.3212
5828  [     2 14  ]      1.6619       3.8922      0.0491      1   0.875  -0.2723
5663  [     1 23  ]      0.1653       2.6668      0.0495      2   0.958  -0.1128
 847  [     2 19  ]      1.1224       3.5826      0.0498      2   0.905  -0.2203
4487  [     1 12  ]      0.7938       3.0765      0.0500     10   0.923  -0.1850
9578  [     2 12  ]      1.9869       4.1879      0.0502      8   0.857  -0.3021
4009  [     2 12  ]      1.9871       4.1966      0.0503     63   0.857  -0.3020
1487  [     3 10  ]      3.5911       5.4651      0.0505     12   0.769  -0.4450
 774  [     1 12  ]      0.7944       3.2152      0.0506      1   0.923  -0.1844
6097  [     2 12  ]      1.9875       4.3594      0.0508      2   0.857  -0.3015
8927  [     2 22  ]      0.9097       3.1656      0.0512      1   0.917  -0.1965
6024  [     1 20  ]      0.2730       2.7078      0.0513      1   0.952  -0.1234
4629  [     1 23  ]      0.1673       2.6246      0.0515      8   0.958  -0.1108
 417  [     2 13  ]      1.8155       3.9391      0.0516     44   0.867  -0.2843
5356  [     1 14  ]      0.6126       2.9861      0.0516     12   0.933  -0.1623
2729  [     1 14  ]      0.6129       2.8896      0.0519      2   0.933  -0.1620
4171  [     2 18  ]      1.2123       3.7488      0.0532      1   0.900  -0.2250
1710  [     1 12  ]      0.7975       2.8454      0.0538     12   0.923  -0.1812
2996  [     2 11  ]      2.1911       4.3362      0.0539      1   0.846  -0.3163
1504  [     4  8  ]      5.4657       7.3781      0.0540    191   0.667  -0.6087
3556  [     2 11  ]      2.1914       4.4042      0.0542     12   0.846  -0.3160
1106  [    20  0  ]     19.3772      17.1626      0.0543      1   0.000   0.0543
3574  [     1 11  ]      0.9130       3.3836      0.0544      1   0.917  -0.1932
3046  [     1 19  ]      0.3189       2.6844      0.0547      1   0.950  -0.1248
4435  [     2 15  ]      1.5343       3.5721      0.0550      2   0.882  -0.2538
8083  [     1 12  ]      0.7988       3.0349      0.0550     12   0.923  -0.1799
3194  [     2 13  ]      1.8190       3.9727      0.0551      2   0.867  -0.2808
9711  [     2 11  ]      2.1924       4.2558      0.0552      1   0.846  -0.3150
5571  [     1 18  ]      0.3666       2.7803      0.0555      1   0.947  -0.1295
2717  [    16  1  ]     18.1513      15.6765      0.0558     10   0.059  -0.0026
4996  [     0 20  ]     -0.4942       1.9000      0.0558      2   1.000   0.0558
4200  [     2 15  ]      1.5354       3.8192      0.0561      8   0.882  -0.2527
4154  [     1 12  ]      0.8003       3.0078      0.0566      2   0.923  -0.1784
7884  [     2 21  ]      0.9807       3.2148      0.0573      1   0.913  -0.1974
 337  [     4  9  ]      5.0013       6.6609      0.0574     12   0.692  -0.5635
3505  [     1 18  ]      0.3685       2.7701      0.0574     83   0.947  -0.1275
1736  [     2 21  ]      0.9819       3.4336      0.0585      2   0.913  -0.1962
7299  [     2 20  ]      1.0530       3.4204      0.0589      1   0.909  -0.2037
8748  [     5 11  ]      5.0908       6.9264      0.0592      2   0.688  -0.5695
