10	0
10.02	-15.89189
10.04	-5.78378
10.06	-15.67568
10.08	-21.56757
10.1	-11.45946
10.12	-11.35135
10.14	-1.24324
10.16	-19.13514
10.18	-15.02703
10.2	-14.91892
10.22	-18.81081
10.24	7.2973
10.26	-22.59459
10.28	-14.48649
10.3	-12.37838
10.32	-6.27027
10.34	-10.16216
10.36	5.94595
10.38	-7.94595
10.4	-11.83784
10.42	-19.72973
10.44	-17.62162
10.46	-1.51351
10.48	-5.40541
10.5	-21.2973
10.52	-9.18919
10.54	0.91892
10.56	-10.97297
10.58	-14.86486
10.6	-16.75676
10.62	-8.64865
10.64	-18.54054
10.66	-2.43243
10.68	-10.32432
10.7	-18.21622
10.72	-8.10811
10.74	4
10.76	-11.89189
10.78	-15.78378
10.8	8.32432
10.82	-7.56757
10.84	-3.45946
10.86	18.64865
10.88	-19.24324
10.9	-3.13514
10.92	-19.02703
10.94	-14.91892
10.96	-18.81081
10.98	-2.7027
11	-18.59459
11.02	-4.48649
11.04	-18.37838
11.06	-6.27027
11.08	-10.16216
11.1	-6.05405
11.12	-19.94595
11.14	-1.83784
11.16	-9.72973
11.18	-23.62162
11.2	-9.51351
11.22	-1.40541
11.24	-5.2973
11.26	-5.18919
11.28	-13.08108
11.3	25.02703
11.32	-24.86486
11.34	-12.75676
11.36	-0.64865
11.38	1.45946
11.4	-6.43243
11.42	13.67568
11.44	15.78378
11.46	9.89189
11.48	4
11.5	12.10811
11.52	10.21622
11.54	-7.67568
11.56	-15.56757
11.58	-3.45946
11.6	-7.35135
11.62	-19.24324
11.64	-7.13514
11.66	-1.02703
11.68	-6.91892
11.7	5.18919
11.72	-10.7027
11.74	-16.59459
11.76	-12.48649
11.78	-8.37838
11.8	9.72973
11.82	-10.16216
11.84	-28.05405
11.86	6.05405
11.88	-1.83784
11.9	6.27027
11.92	6.37838
11.94	0.48649
11.96	-5.40541
11.98	-15.2973
12	-1.18919
12.02	4.91892
12.04	17.02703
12.06	5.13514
12.08	-4.75676
12.1	7.35135
12.12	7.45946
12.14	5.56757
12.16	-14.32432
12.18	1.78378
12.2	-10.10811
12.22	0
12.24	18.03509
12.26	-11.92982
12.28	-15.89474
12.3	8.14035
12.32	-1.82456
12.34	-5.78947
12.36	-1.75439
12.38	-3.7193
12.4	0.31579
12.42	-1.64912
12.44	8.38596
12.46	-3.57895
12.48	-13.54386
12.5	-3.50877
12.52	6.52632
12.54	8.5614
12.56	0.59649
12.58	6.63158
12.6	12.66667
12.62	24.70175
12.64	-5.26316
12.66	-3.22807
12.68	16.80702
12.7	8.84211
12.72	10.87719
12.74	-13.08772
12.76	14.94737
12.78	6.98246
12.8	-8.98246
12.82	-0.94737
12.84	-0.91228
12.86	5.12281
12.88	3.15789
12.9	-4.80702
12.92	3.22807
12.94	19.26316
12.96	-8.70175
12.98	15.33333
13	-4.63158
13.02	-2.59649
13.04	11.4386
13.06	1.47368
13.08	-8.49123
13.1	-4.45614
13.12	-2.42105
13.14	9.61404
13.16	-4.35088
13.18	-6.31579
13.2	-8.2807
13.22	3.75439
13.24	-0.21053
13.26	3.82456
13.28	1.85965
13.3	9.89474
13.32	-10.07018
13.34	5.96491
13.36	2
13.38	14.03509
13.4	-1.92982
13.42	-3.89474
13.44	2.14035
13.46	4.17544
13.48	-1.78947
13.5	12.24561
13.52	0.2807
13.54	8.31579
13.56	26.35088
13.58	-7.61404
13.6	-1.57895
13.62	20.45614
13.64	0.49123
13.66	14.52632
13.68	28.5614
13.7	6.59649
13.72	0.63158
13.74	18.66667
13.76	8.70175
13.78	10.73684
13.8	-7.22807
13.82	6.80702
13.84	16.84211
13.86	18.87719
13.88	24.91228
13.9	-7.05263
13.92	12.98246
13.94	21.01754
13.96	-12.94737
13.98	13.08772
14	7.12281
14.02	13.15789
14.04	9.19298
14.06	1.22807
14.08	1.26316
14.1	7.29825
14.12	13.33333
14.14	21.36842
14.16	15.40351
14.18	21.4386
14.2	7.47368
14.22	19.50877
14.24	25.54386
14.26	-2.42105
14.28	19.61404
14.3	17.64912
14.32	29.68421
14.34	35.7193
14.36	3.75439
14.38	-2.21053
14.4	11.82456
14.42	9.85965
14.44	7.89474
14.46	1.92982
14.48	27.96491
14.5	0
14.52	13.86992
14.54	15.73984
14.56	17.60976
14.58	15.47967
14.6	9.34959
14.62	7.21951
14.64	-0.91057
14.66	14.95935
14.68	2.82927
14.7	6.69919
14.72	-3.43089
14.74	12.43902
14.76	2.30894
14.78	-7.82114
14.8	10.04878
14.82	5.9187
14.84	15.78862
14.86	-0.34146
14.88	-8.47154
14.9	5.39837
14.92	11.26829
14.94	11.13821
14.96	-4.99187
14.98	22.87805
15	6.74797
15.02	0.61789
15.04	-1.5122
15.06	14.35772
15.08	6.22764
15.1	4.09756
15.12	-12.03252
15.14	17.8374
15.16	-24.29268
15.18	3.57724
15.2	17.44715
15.22	3.31707
15.24	-6.81301
15.26	-12.94309
15.28	14.92683
15.3	-5.20325
15.32	-15.33333
15.34	-9.46341
15.36	0.4065
15.38	26.27642
15.4	-5.85366
15.42	-7.98374
15.44	11.88618
15.46	21.7561
15.48	-8.37398
15.5	7.49593
15.52	-6.63415
15.54	5.23577
15.56	-12.89431
15.58	-15.02439
15.6	12.84553
15.62	12.71545
15.64	-3.41463
15.66	-9.54472
15.68	-9.6748
15.7	6.19512
15.72	-15.93496
15.74	-4.06504
15.76	-0.19512
15.78	-4.3252
15.8	-6.45528
15.82	25.41463
15.84	-16.71545
15.86	-6.84553
15.88	-20.97561
15.9	6.89431
15.92	8.76423
15.94	-3.36585
15.96	8.50407
15.98	8.37398
16	2.2439
16.02	-11.88618
16.04	15.98374
16.06	3.85366
16.08	-8.27642
16.1	-20.4065
16.12	1.46341
16.14	-14.66667
16.16	5.20325
16.18	-12.92683
16.2	2.94309
16.22	-15.18699
16.24	10.68293
16.26	-3.44715
16.28	0.42276
16.3	-17.70732
16.32	-5.8374
16.34	10.03252
16.36	-2.09756
16.38	-4.22764
16.4	-10.35772
16.42	-2.4878
16.44	7.38211
16.46	-8.74797
16.48	-2.87805
16.5	6.99187
16.52	-9.13821
16.54	12.73171
16.56	-25.39837
16.58	8.47154
16.6	8.34146
16.62	-19.78862
16.64	-15.9187
16.66	-4.04878
16.68	-16.17886
16.7	3.69106
16.72	-4.43902
16.74	7.43089
16.76	-12.69919
16.78	5.17073
16.8	-26.95935
16.82	-25.08943
16.84	-31.21951
16.86	-7.34959
16.88	10.52033
16.9	-1.60976
16.92	0.26016
16.94	-9.86992
16.96	0
16.98	-21.80702
17	4.38596
17.02	0.57895
17.04	-15.22807
17.06	-3.03509
17.08	-24.84211
17.1	-20.64912
17.12	-16.45614
17.14	-22.26316
17.16	-14.07018
17.18	-19.87719
17.2	-21.68421
17.22	2.50877
17.24	-25.29825
17.26	-7.10526
17.28	-18.91228
17.3	-30.7193
17.32	-6.52632
17.34	-20.33333
17.36	-20.14035
17.38	10.05263
17.4	-9.75439
17.42	-15.5614
17.44	-1.36842
17.46	6.82456
17.48	-16.98246
17.5	-20.78947
17.52	-4.59649
17.54	-28.40351
17.56	9.78947
17.58	-16.01754
17.6	-19.82456
17.62	6.36842
17.64	-7.4386
17.66	4.75439
17.68	-3.05263
17.7	-4.85965
17.72	-10.66667
17.74	-12.47368
17.76	-2.2807
17.78	-8.08772
17.8	-3.89474
17.82	6.29825
17.84	2.49123
17.86	8.68421
17.88	0.87719
17.9	-6.92982
17.92	3.26316
17.94	-8.54386
17.96	-12.35088
17.98	-16.15789
18	-7.96491
18.02	14.22807
18.04	8.42105
18.06	0.61404
18.08	-3.19298
18.1	3
18.12	5.19298
18.14	19.38596
18.16	-10.42105
18.18	1.77193
18.2	17.96491
18.22	-23.84211
18.24	-7.64912
18.26	20.54386
18.28	6.73684
18.3	2.92982
18.32	-24.87719
18.34	1.31579
18.36	-20.49123
18.38	-2.29825
18.4	3.89474
18.42	-1.91228
18.44	2.2807
18.46	-3.52632
18.48	-13.33333
18.5	8.85965
18.52	-8.94737
18.54	-2.75439
18.56	-0.5614
18.58	-12.36842
18.6	-12.17544
18.62	2.01754
18.64	-1.78947
18.66	-5.59649
18.68	-13.40351
18.7	-9.21053
18.72	8.98246
18.74	-8.82456
18.76	-0.63158
18.78	3.5614
18.8	17.75439
18.82	-6.05263
18.84	-1.85965
18.86	0.33333
18.88	2.52632
18.9	-11.2807
18.92	-13.08772
18.94	-8.89474
18.96	-14.70175
18.98	-10.50877
19	-16.31579
19.02	7.87719
19.04	4.07018
19.06	-7.73684
19.08	4.45614
19.1	2.64912
19.12	-7.15789
19.14	13.03509
19.16	9.22807
19.18	1.42105
19.2	-2.38596
19.22	-0.19298
19.24	0
19.26	-3.94737
19.28	-1.89474
19.3	-5.84211
19.32	0.21053
19.34	-9.73684
19.36	10.31579
19.38	0.36842
19.4	-1.57895
19.42	-1.52632
19.44	-5.47368
19.46	8.57895
19.48	-5.36842
19.5	-11.31579
19.52	-5.26316
19.54	-7.21053
19.56	-11.15789
19.58	-11.10526
19.6	6.94737
19.62	9
19.64	-10.94737
19.66	13.10526
19.68	-12.84211
19.7	-16.78947
19.72	-14.73684
19.74	-8.68421
19.76	-0.63158
19.78	-10.57895
19.8	19.47368
19.82	-10.47368
19.84	17.57895
19.86	-10.36842
19.88	7.68421
19.9	-4.26316
19.92	7.78947
19.94	-16.15789
19.96	17.89474
19.98	-8.05263
20	-10
20.02	-11.94737
20.04	-7.89474
20.06	-21.84211
20.08	-3.78947
20.1	2.26316
20.12	16.31579
20.14	-5.63158
20.16	-17.57895
20.18	-11.52632
20.2	-5.47368
20.22	-1.42105
20.24	-9.36842
20.26	2.68421
20.28	-3.26316
20.3	-17.21053
20.32	-7.15789
20.34	-5.10526
20.36	12.94737
20.38	-5
20.4	-2.94737
20.42	-8.89474
20.44	-20.84211
20.46	13.21053
20.48	-14.73684
20.5	-16.68421
20.52	7.36842
20.54	7.42105
20.56	-0.52632
20.58	-10.47368
20.6	1.57895
20.62	-12.36842
20.64	-26.31579
20.66	-12.26316
20.68	-0.21053
20.7	3.84211
20.72	-4.10526
20.74	-14.05263
20.76	-18
20.78	0.05263
20.8	-15.89474
20.82	-3.84211
20.84	8.21053
20.86	4.26316
20.88	-13.68421
20.9	6.36842
20.92	-1.57895
20.94	0.47368
20.96	-7.47368
20.98	14.57895
21	-11.36842
21.02	-3.31579
21.04	-9.26316
21.06	-1.21053
21.08	2.84211
21.1	-15.10526
21.12	-3.05263
21.14	-13
21.16	-6.94737
21.18	-20.89474
21.2	-4.84211
21.22	-12.78947
21.24	-14.73684
21.26	-16.68421
21.28	-10.63158
21.3	-4.57895
21.32	9.47368
21.34	-12.47368
21.36	-14.42105
21.38	-18.36842
21.4	-6.31579
21.42	-10.26316
21.44	13.78947
21.46	1.84211
21.48	-0.10526
21.5	13.94737
21.52	0
21.54	-8.24561
21.56	13.50877
21.58	-0.73684
21.6	-14.98246
21.62	-19.22807
21.64	-13.47368
21.66	-1.7193
21.68	6.03509
21.7	-20.21053
21.72	-2.45614
21.74	-10.70175
21.76	-16.94737
21.78	0.80702
21.8	-3.4386
21.82	-3.68421
21.84	-5.92982
21.86	-6.17544
21.88	-4.42105
21.9	-0.66667
21.92	-14.91228
21.94	-9.15789
21.96	-9.40351
21.98	-7.64912
22	-1.89474
22.02	13.85965
22.04	-10.38596
22.06	-10.63158
22.08	7.12281
22.1	-7.12281
22.12	-5.36842
22.14	-5.61404
22.16	-11.85965
22.18	5.89474
22.2	-8.35088
22.22	5.40351
22.24	-12.84211
22.26	-15.08772
22.28	-7.33333
22.3	-1.57895
22.32	6.17544
22.34	-2.07018
22.36	-20.31579
22.38	-14.5614
22.4	5.19298
22.42	-11.05263
22.44	6.70175
22.46	2.45614
22.48	-7.78947
22.5	3.96491
22.52	-0.2807
22.54	-18.52632
22.56	-6.77193
22.58	-29.01754
22.6	0.73684
22.62	-7.50877
22.64	-11.75439
22.66	-30
22.68	-20.24561
22.7	-6.49123
22.72	-16.73684
22.74	-14.98246
22.76	-1.22807
22.78	-17.47368
22.8	-23.7193
22.82	-21.96491
22.84	-2.21053
22.86	-8.45614
22.88	5.29825
22.9	-16.94737
22.92	-17.19298
22.94	-15.4386
22.96	-19.68421
22.98	-1.92982
23	3.82456
23.02	7.57895
23.04	-12.66667
23.06	-12.91228
23.08	-3.15789
23.1	-23.40351
23.12	-7.64912
23.14	-7.89474
23.16	-0.14035
23.18	3.61404
23.2	1.36842
23.22	7.12281
23.24	2.87719
23.26	18.63158
23.28	-1.61404
23.3	14.14035
23.32	15.89474
23.34	-10.35088
23.36	13.40351
23.38	-12.84211
23.4	2.91228
23.42	2.66667
23.44	16.42105
23.46	0.17544
23.48	-12.07018
23.5	-0.31579
23.52	-8.5614
23.54	-2.80702
23.56	-3.05263
23.58	-7.29825
23.6	8.45614
23.62	12.21053
23.64	3.96491
23.66	-12.2807
23.68	5.47368
23.7	23.22807
23.72	16.98246
23.74	4.73684
23.76	16.49123
23.78	-5.75439
23.8	0
23.82	23.78704
23.84	11.57407
23.86	-2.63889
23.88	1.14815
23.9	-9.06481
23.92	-3.27778
23.94	-21.49074
23.96	-5.7037
23.98	-9.91667
24	-18.12963
24.02	-12.34259
24.04	-8.55556
24.06	1.23148
24.08	-8.98148
24.1	-13.19444
24.12	-3.40741
24.14	0.37963
24.16	-7.83333
24.18	-8.0463
24.2	-20.25926
24.22	5.52778
24.24	-8.68519
24.26	-20.89815
24.28	-11.11111
24.3	14.67593
24.32	8.46296
24.34	12.25
24.36	-3.96296
24.38	15.82407
24.4	11.61111
24.42	17.39815
24.44	11.18519
24.46	8.97222
24.48	0.75926
24.5	20.5463
24.52	16.33333
24.54	24.12037
24.56	13.90741
24.58	5.69444
24.6	35.48148
24.62	21.26852
24.64	27.05556
24.66	20.84259
24.68	40.62963
24.7	36.41667
24.72	24.2037
24.74	33.99074
24.76	43.77778
24.78	53.56481
24.8	33.35185
24.82	49.13889
24.84	58.92593
24.86	58.71296
24.88	74.5
24.9	36.28704
24.92	74.07407
24.94	85.86111
24.96	97.64815
24.98	85.43519
25	97.22222
25.02	117.00926
25.04	140.7963
25.06	112.58333
25.08	110.37037
25.1	176.15741
25.12	151.94444
25.14	179.73148
25.16	185.51852
25.18	211.30556
25.2	205.09259
25.22	234.87963
25.24	256.66667
25.26	286.4537
25.28	294.24074
25.3	324.02778
25.32	321.81481
25.34	335.60185
25.36	373.38889
25.38	377.17593
25.4	454.96296
25.42	472.75
25.44	502.53704
25.46	580.32407
25.48	602.11111
25.5	665.89815
25.52	721.68519
25.54	747.47222
25.56	857.25926
25.58	889.0463
25.6	1022.83333
25.62	1070.62037
25.64	1172.40741
25.66	1296.19444
25.68	1469.98148
25.7	1635.76852
25.72	1753.55556
25.74	1905.34259
25.76	2151.12963
25.78	2384.91667
25.8	2598.7037
25.82	2824.49074
25.84	3032.27778
25.86	3208.06481
25.88	3525.85185
25.9	3765.63889
25.92	4015.42593
25.94	4163.21296
25.96	4215
25.98	4632.78704
26	4834.57407
26.02	5024.36111
26.04	5194.14815
26.06	5357.93519
26.08	5519.72222
26.1	5617.50926
26.12	5603.2963
26.14	6007.08333
26.16	6042.87037
26.18	5946.65741
26.2	6120.44444
26.22	6310.23148
26.24	6286.01852
26.26	6453.80556
26.28	6365.59259
26.3	6209.37963
26.32	6383.16667
26.34	6314.9537
26.36	6346.74074
26.38	6224.52778
26.4	6282.31481
26.42	6230.10185
26.44	6265.88889
26.46	5709.67593
26.48	5427.46296
26.5	4997.25
26.52	4695.03704
26.54	4058.82407
26.56	3492.61111
26.58	3074.39815
26.6	2534.18519
26.62	2129.97222
26.64	1809.75926
26.66	1471.5463
26.68	1233.33333
26.7	1013.12037
26.72	820.90741
26.74	682.69444
26.76	572.48148
26.78	514.26852
26.8	440.05556
26.82	369.84259
26.84	311.62963
26.86	323.41667
26.88	261.2037
26.9	224.99074
26.92	230.77778
26.94	180.56481
26.96	172.35185
26.98	212.13889
27	167.92593
27.02	143.71296
27.04	119.5
27.06	107.28704
27.08	115.07407
27.1	96.86111
27.12	58.64815
27.14	114.43519
27.16	78.22222
27.18	86.00926
27.2	101.7963
27.22	61.58333
27.24	41.37037
27.26	91.15741
27.28	76.94444
27.3	80.73148
27.32	40.51852
27.34	26.30556
27.36	32.09259
27.38	51.87963
27.4	13.66667
27.42	17.4537
27.44	53.24074
27.46	47.02778
27.48	26.81481
27.5	38.60185
27.52	44.38889
27.54	64.17593
27.56	15.96296
27.58	5.75
27.6	-0.46296
27.62	-4.67593
27.64	31.11111
27.66	-19.10185
27.68	-13.31481
27.7	30.47222
27.72	4.25926
27.74	0.0463
27.76	-12.16667
27.78	23.62037
27.8	-6.59259
27.82	3.19444
27.84	-5.01852
27.86	16.76852
27.88	-1.44444
27.9	-17.65741
27.92	8.12963
27.94	-8.08333
27.96	-4.2963
27.98	-12.50926
28	-20.72222
28.02	-12.93519
28.04	-19.14815
28.06	-13.36111
28.08	-21.57407
28.1	-15.78704
28.12	0
28.14	-1.46667
28.16	-20.93333
28.18	-26.4
28.2	-13.86667
28.22	-35.33333
28.24	-20.8
28.26	-6.26667
28.28	-1.73333
28.3	-21.2
28.32	5.33333
28.34	-26.13333
28.36	-1.6
28.38	-11.06667
28.4	-18.53333
28.42	-18
28.44	-7.46667
28.46	3.06667
28.48	-14.4
28.5	-11.86667
28.52	-1.33333
28.54	-20.8
28.56	-14.26667
28.58	-13.73333
28.6	6.8
28.62	5.33333
28.64	1.86667
28.66	-17.6
28.68	-3.06667
28.7	-14.53333
28.72	-6
28.74	-3.46667
28.76	-10.93333
28.78	-16.4
28.8	-9.86667
28.82	-19.33333
28.84	-8.8
28.86	-14.26667
28.88	-33.73333
28.9	-21.2
28.92	-0.66667
28.94	-20.13333
28.96	-19.6
28.98	-7.06667
29	-26.53333
29.02	-18
29.04	10.53333
29.06	-2.93333
29.08	-18.4
29.1	-11.86667
29.12	-13.33333
29.14	3.2
29.16	-8.26667
29.18	8.26667
29.2	12.8
29.22	5.33333
29.24	7.86667
29.26	-25.6
29.28	-11.06667
29.3	-12.53333
29.32	4
29.34	-13.46667
29.36	-8.93333
29.38	-30.4
29.4	-25.86667
29.42	-3.33333
29.44	-12.8
29.46	-18.26667
29.48	0.26667
29.5	-13.2
29.52	-20.66667
29.54	1.86667
29.56	-19.6
29.58	-15.06667
29.6	3.46667
29.62	-8
29.64	-9.46667
29.66	11.06667
29.68	-16.4
29.7	2.13333
29.72	-15.33333
29.74	-26.8
29.76	-0.26667
29.78	10.26667
29.8	18.8
29.82	5.33333
29.84	-22.13333
29.86	0.4
29.88	-21.06667
29.9	13.46667
29.92	-8
29.94	-7.46667
29.96	-12.93333
29.98	-6.4
30	8.13333
30.02	8.66667
30.04	-12.8
30.06	-6.26667
30.08	-3.73333
30.1	-11.2
30.12	-0.66667
30.14	9.86667
30.16	0.4
30.18	18.93333
30.2	9.46667
30.22	4
30.24	-11.46667
30.26	1.06667
30.28	23.6
30.3	6.13333
30.32	-5.33333
30.34	3.2
30.36	27.73333
30.38	2.26667
30.4	-7.2
30.42	17.33333
30.44	21.86667
30.46	8.4
30.48	-9.06667
30.5	5.46667
30.52	0
30.54	32.24561
30.56	4.49123
30.58	18.73684
30.6	2.98246
30.62	9.22807
30.64	7.47368
30.66	-2.2807
30.68	1.96491
30.7	14.21053
30.72	-1.54386
30.74	-7.29825
30.76	4.94737
30.78	9.19298
30.8	5.4386
30.82	3.68421
30.84	7.92982
30.86	-7.82456
30.88	-1.57895
30.9	10.66667
30.92	10.91228
30.94	13.15789
30.96	19.40351
30.98	-4.35088
31	-12.10526
31.02	-5.85965
31.04	6.38596
31.06	8.63158
31.08	4.87719
31.1	5.12281
31.12	-2.63158
31.14	17.61404
31.16	1.85965
31.18	0.10526
31.2	-1.64912
31.22	20.59649
31.24	-1.15789
31.26	-2.91228
31.28	-0.66667
31.3	21.57895
31.32	25.82456
31.34	6.07018
31.36	10.31579
31.38	-3.4386
31.4	8.80702
31.42	-4.94737
31.44	3.29825
31.46	-2.45614
31.48	11.78947
31.5	20.03509
31.52	6.2807
31.54	4.52632
31.56	0.77193
31.58	-12.98246
31.6	21.26316
31.62	-0.49123
31.64	1.75439
31.66	10
31.68	6.24561
31.7	18.49123
31.72	14.73684
31.74	30.98246
31.76	1.22807
31.78	21.47368
31.8	23.7193
31.82	17.96491
31.84	10.21053
31.86	34.45614
31.88	20.70175
31.9	18.94737
31.92	29.19298
31.94	25.4386
31.96	15.68421
31.98	15.92982
32	8.17544
32.02	24.42105
32.04	16.66667
32.06	6.91228
32.08	5.15789
32.1	27.40351
32.12	23.64912
32.14	1.89474
32.16	14.14035
32.18	18.38596
32.2	16.63158
32.22	10.87719
32.24	9.12281
32.26	3.36842
32.28	11.61404
32.3	9.85965
32.32	2.10526
32.34	4.35088
32.36	6.59649
32.38	10.84211
32.4	11.08772
32.42	3.33333
32.44	9.57895
32.46	19.82456
32.48	18.07018
32.5	10.31579
32.52	-3.4386
32.54	-1.19298
32.56	13.05263
32.58	-2.70175
32.6	5.54386
32.62	21.78947
32.64	6.03509
32.66	-1.7193
32.68	-5.47368
32.7	0.77193
32.72	15.01754
32.74	17.26316
32.76	3.50877
32.78	-2.24561
32.8	0
32.82	-10.02985
32.84	17.9403
32.86	9.91045
32.88	11.8806
32.9	13.85075
32.92	9.8209
32.94	13.79104
32.96	-0.23881
32.98	7.73134
33	3.70149
33.02	15.67164
33.04	13.64179
33.06	-2.38806
33.08	13.58209
33.1	35.55224
33.12	7.52239
33.14	7.49254
33.16	15.46269
33.18	13.43284
33.2	7.40299
33.22	-0.62687
33.24	15.34328
33.26	-2.68657
33.28	-0.71642
33.3	7.25373
33.32	11.22388
33.34	-4.80597
33.36	3.16418
33.38	1.13433
33.4	5.10448
33.42	1.07463
33.44	7.04478
33.46	-6.98507
33.48	-1.01493
33.5	-3.04478
33.52	4.92537
33.54	10.89552
33.56	-19.13433
33.58	-5.16418
33.6	-5.19403
33.62	2.77612
33.64	-21.25373
33.66	-13.28358
33.68	-9.31343
33.7	-9.34328
33.72	0.62687
33.74	-5.40299
33.76	4.56716
33.78	-1.46269
33.8	-11.49254
33.82	-15.52239
33.84	0.44776
33.86	-13.58209
33.88	-9.61194
33.9	-5.64179
33.92	-5.67164
33.94	10.29851
33.96	-13.73134
33.98	2.23881
34	-5.79104
34.02	-7.8209
34.04	2.14925
34.06	-7.8806
34.08	-7.91045
34.1	-27.9403
34.12	-7.97015
34.14	-2
34.16	-12.02985
34.18	-8.0597
34.2	1.91045
34.22	-18.1194
34.24	1.85075
34.26	-12.1791
34.28	-6.20896
34.3	-4.23881
34.32	-4.26866
34.34	-6.29851
34.36	-4.32836
34.38	-10.35821
34.4	-6.38806
34.42	-10.41791
34.44	-8.44776
34.46	-22.47761
34.48	-10.50746
34.5	-14.53731
34.52	-12.56716
34.54	-0.59701
34.56	1.37313
34.58	5.34328
34.6	-6.68657
34.62	-2.71642
34.64	-0.74627
34.66	-4.77612
34.68	-4.80597
34.7	1.16418
34.72	9.13433
34.74	-10.89552
34.76	-6.92537
34.78	-4.95522
34.8	7.01493
34.82	-11.01493
34.84	0.95522
34.86	8.92537
34.88	6.89552
34.9	0.86567
34.92	22.83582
34.94	64.80597
34.96	100.77612
34.98	82.74627
35	80.71642
35.02	100.68657
35.04	130.65672
35.06	208.62687
35.08	292.59701
35.1	420.56716
35.12	464.53731
35.14	332.50746
35.16	184.47761
35.18	232.44776
35.2	218.41791
35.22	188.38806
35.24	106.35821
35.26	56.32836
35.28	-3.70149
35.3	2.26866
35.32	-5.76119
35.34	-5.79104
35.36	-5.8209
35.38	-9.85075
35.4	-15.8806
35.42	-1.91045
35.44	2.0597
35.46	-3.97015
35.48	0
35.5	-6
35.52	-6
35.54	-6
35.56	-6
35.58	-8
35.6	-4
35.62	-26
35.64	-10
35.66	-6
35.68	-10
35.7	-2
35.72	-12
35.74	6
35.76	-18
35.78	-4
35.8	0
35.82	2
35.84	-22
35.86	-18
35.88	-16
35.9	-8
35.92	-4
35.94	-2
35.96	-6
35.98	-12
36	-16
36.02	-2
36.04	-14
36.06	0
36.08	-14
36.1	-8
36.12	2
36.14	4
36.16	-16
36.18	2
36.2	-4
36.22	-8
36.24	-16
36.26	-6
36.28	-20
36.3	0
36.32	-8
36.34	-16
36.36	-14
36.38	-12
36.4	-4
36.42	-12
36.44	-6
36.46	-10
36.48	2
36.5	-18
36.52	-4
36.54	6
36.56	-10
36.58	-6
36.6	-14
36.62	12
36.64	-12
36.66	-20
36.68	0
36.7	0
36.72	-14
36.74	-14
36.76	-8
36.78	14
36.8	4
36.82	-10
36.84	4
36.86	-16
36.88	-12
36.9	-14
36.92	2
36.94	-2
36.96	-14
36.98	2
37	-10
37.02	-16
37.04	0
37.06	-14
37.08	8
37.1	-10
37.12	0
37.14	-12
37.16	-20
37.18	-10
37.2	-4
37.22	-8
37.24	-6
37.26	-2
37.28	-16
37.3	-20
37.32	-16
37.34	0
37.36	-10
37.38	-14
37.4	-14
37.42	-6
37.44	-14
37.46	-10
37.48	-4
37.5	-8
37.52	-14
37.54	-14
37.56	-22
37.58	-2
37.6	-2
37.62	-4
37.64	12
37.66	0
37.68	16
37.7	0
37.72	1.98198
37.74	7.96396
37.76	3.94595
37.78	1.92793
37.8	-0.09009
37.82	-2.10811
37.84	7.87387
37.86	-8.14414
37.88	-10.16216
37.9	-0.18018
37.92	-22.1982
37.94	-20.21622
37.96	-8.23423
37.98	-20.25225
38	-16.27027
38.02	-18.28829
38.04	-6.30631
38.06	-28.32432
38.08	-10.34234
38.1	-18.36036
38.12	-16.37838
38.14	-6.3964
38.16	-18.41441
38.18	-18.43243
38.2	-10.45045
38.22	-22.46847
38.24	-2.48649
38.26	-12.5045
38.28	-6.52252
38.3	-14.54054
38.32	-16.55856
38.34	-18.57658
38.36	-8.59459
38.38	-6.61261
38.4	-8.63063
38.42	-24.64865
38.44	-12.66667
38.46	-20.68468
38.48	3.2973
38.5	-14.72072
38.52	-12.73874
38.54	-2.75676
38.56	-24.77477
38.58	-22.79279
38.6	-18.81081
38.62	-16.82883
38.64	-18.84685
38.66	-10.86486
38.68	-16.88288
38.7	-14.9009
38.72	-20.91892
38.74	-8.93694
38.76	-8.95495
38.78	-10.97297
38.8	-26.99099
38.82	-19.00901
38.84	-21.02703
38.86	-17.04505
38.88	-3.06306
38.9	-1.08108
38.92	-17.0991
38.94	-15.11712
38.96	-13.13514
38.98	-25.15315
39	0.82883
39.02	-1.18919
39.04	-3.20721
39.06	-15.22523
39.08	-9.24324
39.1	-9.26126
39.12	-19.27928
39.14	-17.2973
39.16	-5.31532
39.18	-17.33333
39.2	-13.35135
39.22	-9.36937
39.24	-17.38739
39.26	-13.40541
39.28	-11.42342
39.3	-9.44144
39.32	-15.45946
39.34	-23.47748
39.36	-5.4955
39.38	-3.51351
39.4	-13.53153
39.42	-29.54955
39.44	-9.56757
39.46	-1.58559
39.48	0.3964
39.5	2.37838
39.52	-11.63964
39.54	-23.65766
39.56	-5.67568
39.58	-19.69369
39.6	-33.71171
39.62	-11.72973
39.64	-11.74775
39.66	-23.76577
39.68	-17.78378
39.7	-19.8018
39.72	-17.81982
39.74	-15.83784
39.76	0.14414
39.78	-13.87387
39.8	-7.89189
39.82	-17.90991
39.84	-17.92793
39.86	-17.94595
39.88	-19.96396
39.9	-7.98198
39.92	0
39.94	-12.30371
39.96	-18.60743
39.98	-4.91114
40	-15.21485
40.02	-11.51857
40.04	-23.82228
40.06	-14.126
40.08	-26.42971
40.1	-20.73342
40.12	-13.03714
40.14	-9.34085
40.16	-9.64456
40.18	-11.94828
40.2	-28.25199
40.22	-8.55571
40.24	-14.85942
40.26	-11.16313
40.28	-19.46685
40.3	2.22944
40.32	-16.07427
40.34	-22.37799
40.36	-18.6817
40.38	-8.98542
40.4	-1.28913
40.42	-15.59284
40.44	-9.89656
40.46	-4.20027
40.48	-4.50398
40.5	-14.8077
40.52	12.88859
40.54	6.58487
40.56	16.28116
40.58	7.97745
40.6	43.67373
40.62	31.37002
40.64	31.06631
40.66	64.76259
40.68	62.45888
40.7	76.15516
40.72	77.85145
40.74	101.54774
40.76	97.24402
40.78	128.94031
40.8	146.6366
40.82	164.33288
40.84	182.02917
40.86	209.72545
40.88	225.42174
40.9	267.11803
40.92	282.81431
40.94	320.5106
40.96	322.20689
40.98	335.90317
41	435.59946
41.02	417.29575
41.04	452.99203
41.06	542.68832
41.08	498.3846
41.1	566.08089
41.12	617.77718
41.14	587.47346
41.16	679.16975
41.18	654.86604
41.2	674.56232
41.22	742.25861
41.24	689.95489
41.26	683.65118
41.28	759.34747
41.3	669.04375
41.32	696.74004
41.34	672.43633
41.36	662.13261
41.38	655.8289
41.4	581.52518
41.42	551.22147
41.44	564.91776
41.46	438.61404
41.48	396.31033
41.5	354.00662
41.52	255.7029
41.54	285.39919
41.56	247.09547
41.58	198.79176
41.6	166.48805
41.62	112.18433
41.64	103.88062
41.66	89.57691
41.68	87.27319
41.7	76.96948
41.72	76.66576
41.74	48.36205
41.76	34.05834
41.78	17.75462
41.8	53.45091
41.82	21.1472
41.84	28.84348
41.86	18.53977
41.88	22.23605
41.9	19.93234
41.92	7.62863
41.94	9.32491
41.96	15.0212
41.98	22.71749
42	-7.58623
42.02	4.11006
42.04	9.80635
42.06	-0.49737
42.08	7.19892
42.1	-11.1048
42.12	4.59149
42.14	-11.71222
42.16	-10.01594
42.18	7.68035
42.2	5.81004
42.22	6.06078
42.24	-9.68848
42.26	-25.43774
42.28	-13.187
42.3	-2.93626
42.32	1.31447
42.34	-8.43479
42.36	3.81595
42.38	-7.93331
42.4	14.31743
42.42	-11.43183
42.44	6.81891
42.46	5.06965
42.48	-2.67961
42.5	3.57112
42.52	1.82186
42.54	-11.9274
42.56	10.32334
42.58	18.57408
42.6	12.82482
42.62	5.07556
42.64	31.3263
42.66	17.57704
42.68	37.82777
42.7	14.07851
42.72	10.32925
42.74	8.57999
42.76	32.83073
42.78	23.08147
42.8	41.33221
42.82	21.58295
42.84	37.83369
42.86	40.08442
42.88	42.33516
42.9	54.5859
42.92	40.83664
42.94	53.08738
42.96	57.33812
42.98	37.58886
43	43.8396
43.02	82.09034
43.04	72.34107
43.06	104.59181
43.08	88.84255
43.1	101.09329
43.12	119.34403
43.14	117.59477
43.16	145.84551
43.18	140.09625
43.2	158.34699
43.22	158.59772
43.24	216.84846
43.26	263.0992
43.28	237.34994
43.3	231.60068
43.32	217.85142
43.34	238.10216
43.36	234.3529
43.38	234.60364
43.4	210.85438
43.42	207.10511
43.44	227.35585
43.46	205.60659
43.48	201.85733
43.5	198.10807
43.52	174.35881
43.54	200.60955
43.56	196.86029
43.58	175.11103
43.6	171.36176
43.62	201.6125
43.64	173.86324
43.66	166.11398
43.68	140.36472
43.7	154.61546
43.72	138.8662
43.74	109.11694
43.76	109.36768
43.78	107.61841
43.8	73.86915
43.82	80.11989
43.84	60.37063
43.86	40.62137
43.88	56.87211
43.9	67.12285
43.92	37.37359
43.94	33.62433
43.96	41.87506
43.98	42.1258
44	30.37654
44.02	26.62728
44.04	18.87802
44.06	13.12876
44.08	13.3795
44.1	9.63024
44.12	9.88098
44.14	10.13171
44.16	12.38245
44.18	22.63319
44.2	0.88393
44.22	-4.86533
44.24	13.38541
44.26	5.63615
44.28	13.88689
44.3	14.13763
44.32	10.38836
44.34	0.6391
44.36	20.88984
44.38	1.14058
44.4	-6.60868
44.42	-10.35794
44.44	-4.1072
44.46	-3.85646
44.48	2.39428
44.5	-9.35499
44.52	2.89575
44.54	-4.85351
44.56	3.39723
44.58	-0.35203
44.6	7.89871
44.62	-7.85055
44.64	2.40019
44.66	-15.34907
44.68	4.90167
44.7	5.1524
44.72	-12.44803
44.74	-2.03876
44.76	16.37052
44.78	4.77979
44.8	1.18906
44.82	-2.40166
44.84	-7.99239
44.86	8.41688
44.88	-1.17384
44.9	1.23543
44.92	-6.3553
44.94	2.05398
44.96	0.46325
44.98	-3.12747
45	1.2818
45.02	-4.30893
45.04	-17.89965
45.06	8.50962
45.08	-7.08111
45.1	-2.67183
45.12	7.73744
45.14	-5.85329
45.16	-3.44401
45.18	-1.03474
45.2	1.37454
45.22	-16.21619
45.24	34.19308
45.26	8.60236
45.28	-8.98837
45.3	13.4209
45.32	15.83018
45.34	-1.76055
45.36	6.64872
45.38	-4.942
45.4	13.46727
45.42	-2.12345
45.44	0.28582
45.46	0.69509
45.48	3.10437
45.5	1.51364
45.52	-4.07709
45.54	0.33219
45.56	-3.25854
45.58	7.15073
45.6	-4.43999
45.62	7.96928
45.64	2.37856
45.66	10.78783
45.68	11.1971
45.7	-4.39362
45.72	4.01565
45.74	4.42492
45.76	8.8342
45.78	7.24347
45.8	13.65274
45.82	8.06202
45.84	20.47129
45.86	12.88057
45.88	9.28984
45.9	7.3065
45.92	7.09598
45.94	12.88546
45.96	22.67495
45.98	4.46443
46	20.25392
46.02	-7.9566
46.04	-2.16711
46.06	1.62237
46.08	11.41186
46.1	5.20134
46.12	12.99083
46.14	-3.21969
46.16	8.56979
46.18	10.35928
46.2	8.14876
46.22	9.93825
46.24	9.72773
46.26	3.51722
46.28	7.3067
46.3	19.09619
46.32	0.88567
46.34	-3.32485
46.36	-7.53536
46.38	0.25412
46.4	0.04361
46.42	13.83309
46.44	-2.37742
46.46	7.41206
46.48	-10.79845
46.5	4.99103
46.52	-3.21948
46.54	-5.43
46.56	4.35948
46.58	6.14897
46.6	3.93845
46.62	1.72794
46.64	9.51742
46.66	-4.69309
46.68	-4.90361
46.7	-7.11412
46.72	8.67536
46.74	0.46485
46.76	2.25433
46.78	6.04381
46.8	-16.1667
46.82	-8.37722
46.84	1.41227
46.86	1.20175
46.88	2.99124
46.9	-7.21928
46.92	-13.42979
46.94	-5.64031
46.96	12.14918
46.98	-4.06134
47	-0.27186
47.02	-26.48237
47.04	1.30711
47.06	9.0966
47.08	-3.11392
47.1	-1.32443
47.12	18.46505
47.14	-5.74546
47.16	-11.95598
47.18	-4.1665
47.2	-18.37701
47.22	-0.58753
47.24	9.20196
47.26	6.99144
47.28	-5.21907
47.3	-3.42959
47.32	-11.6401
47.34	2.14938
47.36	1.93887
47.38	-6.27165
47.4	-4.48217
47.42	-14.69268
47.44	-6.9032
47.46	6.88629
47.48	-3.32423
47.5	-3.53474
47.52	-5.74526
47.54	4.04423
47.56	1.83371
47.58	1.6232
47.6	-8.58732
47.62	15.20216
47.64	-11.00835
47.66	4.78113
47.68	2.57062
47.7	-3.6399
47.72	-3.85041
47.74	-4.06093
47.76	9.72856
47.78	-4.48196
47.8	-12.69247
47.82	-2.90299
47.84	-3.11351
47.86	-1.32402
47.88	8.46546
47.9	0.25495
47.92	0.04443
47.94	-0.16608
47.96	9.6234
47.98	1.41289
48	1.20237
48.02	6.99185
48.04	-3.21866
48.06	2.57082
48.08	-15.63969
48.1	-5.85021
48.12	-8.06072
48.14	3.72876
48.16	-22.48175
48.18	-4.69227
48.2	5.09722
48.22	-5.1133
48.24	-1.32382
48.26	-1.53433
48.28	-7.74485
48.3	2.04464
48.32	-4.16588
48.34	5.62361
48.36	5.41309
48.38	13.20258
48.4	2.99206
48.42	0.78155
48.44	16.57103
48.46	18.36051
48.48	24.15
48.5	15.93948
48.52	15.72897
48.54	-8.47363
48.56	-0.48802
48.58	-2.5024
48.6	5.48322
48.62	11.46883
48.64	1.45445
48.66	15.44007
48.68	-12.57432
48.7	17.4113
48.72	7.39692
48.74	13.38254
48.76	15.36815
48.78	23.35377
48.8	35.33939
48.82	15.325
48.84	15.31062
48.86	23.29624
48.88	45.28185
48.9	27.26747
48.92	19.25309
48.94	21.23871
48.96	39.22432
48.98	39.20994
49	31.19556
49.02	23.18117
49.04	55.16679
49.06	41.15241
49.08	51.13802
49.1	45.12364
49.12	47.10926
49.14	63.09487
49.16	73.08049
49.18	105.06611
49.2	89.05173
49.22	99.03734
49.24	95.02296
49.26	113.00858
49.28	118.99419
49.3	122.97981
49.32	140.96543
49.34	172.95104
49.36	184.93666
49.38	174.92228
49.4	174.9079
49.42	194.89351
49.44	202.87913
49.46	218.86475
49.48	244.85036
49.5	230.83598
49.52	252.8216
49.54	262.80721
49.56	272.79283
49.58	282.77845
49.6	288.76406
49.62	284.74968
49.64	308.7353
49.66	296.72092
49.68	334.70653
49.7	332.69215
49.72	308.67777
49.74	322.66338
49.76	348.649
49.78	360.63462
49.8	342.62023
49.82	324.60585
49.84	264.59147
49.86	300.57709
49.88	324.5627
49.9	320.54832
49.92	314.53394
49.94	316.51955
49.96	304.50517
49.98	214.49079
50	264.4764
50.02	208.46202
50.04	256.44764
50.06	212.43325
50.08	178.41887
50.1	168.40449
50.12	124.39011
50.14	134.37572
50.16	128.36134
50.18	98.34696
50.2	86.33257
50.22	80.31819
50.24	80.30381
50.26	84.28942
50.28	82.27504
50.3	50.26066
50.32	52.24628
50.34	56.23189
50.36	26.21751
50.38	48.20313
50.4	36.18874
50.42	40.17436
50.44	16.15998
50.46	0.14559
50.48	24.13121
50.5	26.11683
50.52	22.10244
50.54	-1.91194
50.56	16.07368
50.58	34.0593
50.6	28.04491
50.62	6.03053
50.64	4.01615
50.66	-11.99824
50.68	33.98738
50.7	7.973
50.72	7.95861
50.74	9.94423
50.76	-0.07015
50.78	-2.08453
50.8	3.90108
50.82	13.8867
50.84	-12.12768
50.86	-8.14207
50.88	-2.15645
50.9	-16.17083
50.92	-0.0452
50.94	-7.90605
50.96	-11.7669
50.98	-7.62774
51	-27.48859
51.02	-11.34944
51.04	-13.21028
51.06	-3.07113
51.08	-8.93198
51.1	-8.79282
51.12	-2.65367
51.14	-4.51452
51.16	7.62463
51.18	-14.23621
51.2	-16.09706
51.22	-13.95791
51.24	-15.81875
51.26	-15.6796
51.28	-7.54045
51.3	-17.40129
51.32	-17.26214
51.34	-9.12299
51.36	9.01617
51.38	-6.84468
51.4	15.29447
51.42	-18.56638
51.44	-20.42722
51.46	-14.28807
51.48	-18.14892
51.5	-28.00976
51.52	-11.87061
51.54	-1.73146
51.56	-7.5923
51.58	-21.45315
51.6	-13.314
51.62	-11.17485
51.64	-17.03569
51.66	-12.89654
51.68	-6.75739
51.7	-18.61823
51.72	-14.47908
51.74	-12.33993
51.76	-16.20077
51.78	-18.06162
51.8	-3.92247
51.82	-15.78332
51.84	-9.64416
51.86	-13.50501
51.88	-21.36586
51.9	-27.2267
51.92	-23.08755
51.94	-26.9484
51.96	-26.80924
51.98	-12.67009
52	-0.53094
52.02	-22.39178
52.04	-8.25263
52.06	-30.11348
52.08	-9.97433
52.1	-17.83517
52.12	-19.69602
52.14	-19.55687
52.16	-21.41771
52.18	-7.27856
52.2	6.86059
52.22	-13.00025
52.24	-10.8611
52.26	-22.72195
52.28	-20.5828
52.3	1.55636
52.32	-2.30449
52.34	-10.16534
52.36	-10.02618
52.38	-5.88703
52.4	-19.74788
52.42	4.39128
52.44	10.53043
52.46	-3.33042
52.48	8.80874
52.5	-5.05211
52.52	-6.91296
52.54	-8.77381
52.56	-2.63465
52.58	-0.4955
52.6	-2.35635
52.62	3.78281
52.64	-2.07804
52.66	-15.93889
52.68	-15.79973
52.7	-5.66058
52.72	4.47857
52.74	6.61772
52.76	-17.24312
52.78	-1.10397
52.8	-16.96482
52.82	-2.82566
52.84	-4.68651
52.86	3.45264
52.88	-2.4082
52.9	-4.26905
52.92	-8.1299
52.94	-1.99074
52.96	-9.85159
52.98	-7.71244
53	-17.57329
53.02	-15.43413
53.04	-7.29498
53.06	2.84417
53.08	-7.01667
53.1	-14.87752
53.12	-6.73837
53.14	-6.59921
53.16	-0.46006
53.18	-2.32091
53.2	-12.18176
53.22	1.9574
53.24	-13.90345
53.26	4.2357
53.28	-5.66212
53.3	-9.64569
53.32	-5.62925
53.34	-3.61281
53.36	-5.59637
53.38	0.42006
53.4	2.4365
53.42	4.45294
53.44	10.46938
53.46	2.48582
53.48	16.50225
53.5	8.51869
53.52	0.53513
53.54	12.55157
53.56	10.568
53.58	12.58444
53.6	4.60088
53.62	14.61732
53.64	14.63376
53.66	6.65019
53.68	14.66663
53.7	10.68307
53.72	6.69951
53.74	20.71594
53.76	14.73238
53.78	28.74882
53.8	28.76526
53.82	22.7817
53.84	40.79813
53.86	22.81457
53.88	32.83101
53.9	56.84745
53.92	40.86388
53.94	32.88032
53.96	46.89676
53.98	64.9132
54	66.92963
54.02	48.94607
54.04	62.96251
54.06	80.97895
54.08	110.99539
54.1	99.01182
54.12	83.02826
54.14	81.0447
54.16	119.06114
54.18	125.07757
54.2	141.09401
54.22	117.11045
54.24	153.12689
54.26	159.14333
54.28	159.15976
54.3	193.1762
54.32	171.19264
54.34	191.20908
54.36	207.22551
54.38	209.24195
54.4	217.25839
54.42	223.27483
54.44	231.29127
54.46	243.3077
54.48	235.32414
54.5	241.34058
54.52	271.35702
54.54	251.37345
54.56	289.38989
54.58	251.40633
54.6	295.42277
54.62	291.43921
54.64	269.45564
54.66	313.47208
54.68	293.48852
54.7	277.50496
54.72	299.52139
54.74	253.53783
54.76	269.55427
54.78	267.57071
54.8	257.58715
54.82	239.60358
54.84	215.62002
54.86	233.63646
54.88	193.6529
54.9	167.66933
54.92	189.68577
54.94	157.70221
54.96	153.71865
54.98	101.73509
55	101.75152
55.02	73.76796
55.04	77.7844
55.06	73.80084
55.08	69.81727
55.1	59.83371
55.12	47.85015
55.14	47.86659
55.16	43.88303
55.18	29.89946
55.2	17.9159
55.22	37.93234
55.24	27.94878
55.26	21.96521
55.28	23.98165
55.3	3.99809
55.32	0.01453
55.34	-1.96903
55.36	8.0474
55.38	-3.93616
55.4	-3.91972
55.42	0.09672
55.44	-11.88685
55.46	8.12959
55.48	10.14603
55.5	12.16247
55.52	0.17891
55.54	-3.80466
55.56	-7.78822
55.58	8.22822
55.6	2.24466
55.62	8.26109
55.64	-3.69458
55.66	-3.51691
55.68	-9.33924
55.7	-3.16157
55.72	-6.98389
55.74	-0.80622
55.76	-12.62855
55.78	3.54913
55.8	-8.2732
55.82	-0.09553
55.84	-11.91785
55.86	-1.74018
55.88	-1.56251
55.9	-9.38484
55.92	-3.20716
55.94	2.97051
55.96	7.14818
55.98	-4.67414
56	-12.49647
56.02	-12.3188
56.04	-10.14113
56.06	-9.96345
56.08	-13.78578
56.1	-3.60811
56.12	6.56957
56.14	-29.25276
56.16	-3.07509
56.18	-0.89742
56.2	-18.71974
56.22	1.45793
56.24	-2.3644
56.26	-14.18672
56.28	-0.00905
56.3	-7.83138
56.32	-3.65371
56.34	-9.47603
56.36	0.70164
56.38	-13.12069
56.4	-16.94301
56.42	-2.76534
56.44	-0.58767
56.46	-2.40999
56.48	5.76768
56.5	-8.05465
56.52	-1.87698
56.54	-13.6993
56.56	-11.52163
56.58	0.65604
56.6	-15.16628
56.62	3.01139
56.64	-2.81094
56.66	1.36673
56.68	3.54441
56.7	-12.27792
56.72	1.89975
56.74	-5.92257
56.76	4.2551
56.78	-5.56723
56.8	10.61044
56.82	-11.21188
56.84	14.96579
56.86	9.14346
56.88	3.32114
56.9	-8.50119
56.92	-6.32352
56.94	15.85415
56.96	-1.96817
56.98	0.2095
57	-9.61283
57.02	-5.43515
57.04	6.74252
57.06	-7.07981
57.08	-0.90213
57.1	9.27554
57.12	1.39785
57.14	5.43812
57.16	7.47839
57.18	15.51866
57.2	-4.44106
57.22	19.59921
57.24	-0.36052
57.26	-2.32025
57.28	5.72003
57.3	39.7603
57.32	73.80057
57.34	109.84084
57.36	127.88112
57.38	163.92139
57.4	103.96166
57.42	90.00193
57.44	64.04221
57.46	60.08248
57.48	60.12275
57.5	62.16302
57.52	80.2033
57.54	80.24357
57.56	60.28384
57.58	24.32411
57.6	20.36439
57.62	16.40466
57.64	4.44493
57.66	0.4852
57.68	10.52548
57.7	6.56575
57.72	-3.39398
57.74	12.64629
57.76	8.68657
57.78	10.72684
57.8	2.76711
57.82	-7.19262
57.84	8.84766
57.86	-7.11207
57.88	-5.0718
57.9	-1.03153
57.92	-8.99125
57.94	1.04902
57.96	3.08929
57.98	-2.87044
58	9.16984
58.02	-2.78989
58.04	5.25038
58.06	3.29065
58.08	-4.72744
58.1	-0.99884
58.12	-3.27024
58.14	-5.54165
58.16	-13.81305
58.18	-8.08445
58.2	3.64415
58.22	5.37275
58.24	-6.89865
58.26	-9.17006
58.28	-13.44146
58.3	-9.71286
58.32	-3.98426
58.34	-0.25566
58.36	5.47293
58.38	-12.79847
58.4	-9.06987
58.42	-15.34127
58.44	-7.61267
58.46	-9.88407
58.48	-8.15548
58.5	3.57312
58.52	-10.69828
58.54	-12.96968
58.56	-13.24108
58.58	-9.51249
58.6	-7.78389
58.62	-0.05529
58.64	3.67331
58.66	-2.59809
58.68	-2.86949
58.7	-7.1409
58.72	-1.4123
58.74	-11.6837
58.76	-3.9551
58.78	-6.2265
58.8	-4.49791
58.82	5.23069
58.84	4.95929
58.86	4.68789
58.88	2.41649
58.9	8.14509
58.92	7.87368
58.94	1.60228
58.96	-2.66912
58.98	3.05948
59	6.78808
59.02	16.51667
59.04	-1.75473
59.06	21.97387
59.08	-12.29753
59.1	-2.56893
59.12	-8.84033
59.14	0.88826
59.16	2.61686
59.18	2.34546
59.2	-5.35317
59.22	-0.84977
59.24	-2.34636
59.26	4.15705
59.28	18.66045
59.3	-2.83614
59.32	5.66727
59.34	0.17067
59.36	10.67408
59.38	-2.82251
59.4	19.68089
59.42	-5.8157
59.44	4.68771
59.46	3.19111
59.48	11.69452
59.5	-5.80208
59.52	-7.29867
59.54	19.20474
59.56	3.70814
59.58	2.21155
59.6	6.71496
59.62	1.21836
59.64	11.72177
59.66	-13.77482
59.68	-3.27142
59.7	3.23199
59.72	1.7354
59.74	-3.7612
59.76	2.74221
59.78	1.24562
59.8	7.74902
59.82	8.25243
59.84	-5.24416
59.86	7.25924
59.88	-2.23735
59.9	10.26606
59.92	-5.23054
59.94	1.27287
59.96	7.77628
59.98	10.27968
60	6.78309