# It contains the all the information in extendedConvexHull.pdf
# X axis: Composition 
# Y axis: Formation energy relative to the substance
# Fitness: its distance to the convex hull (eV/block)
  ID   Compositions    Enthalpies     Volumes     Fitness   SYMM    X        Y     
                       (eV/atom)    (A^3/atom)   (eV/block)              (eV/atom) 
1092  [     0 16  ]     -2.0112       2.9381     -0.0004      2   1.000  -0.0004
 596  [     8  0  ]     -5.5765      16.2768     -0.0003     63   0.000  -0.0003
 972  [     2 14  ]     -2.8496       4.1545     -0.0001    194   0.875  -0.3932
5626  [     4 10  ]     -3.4357       6.6956     -0.0001     15   0.714  -0.4062
8459  [     2  2  ]     -4.1072       9.5097     -0.0001     63   0.500  -0.3137
3754  [     4  8  ]     -3.5931       7.3054      0.0000     57   0.667  -0.3938
5967  [     2  2  ]     -4.1071       9.5064      0.0000     63   0.500  -0.3136
7197  [     4  6  ]     -3.8010       8.1887      0.0000     72   0.600  -0.3640
2962  [     0  8  ]     -2.0099       2.9621      0.0009      1   1.000   0.0009
3806  [     0  8  ]     -2.0097       2.9429      0.0011    205   1.000   0.0011
3807  [     0  8  ]     -2.0097       2.9738      0.0011      1   1.000   0.0011
3723  [     2 13  ]     -2.8788       4.3630      0.0012    187   0.867  -0.3926
2726  [     0  8  ]     -2.0086       2.9229      0.0022     61   1.000   0.0022
3648  [     1  8  ]     -2.7541       3.8091      0.0023    225   0.889  -0.3471
4169  [     0  8  ]     -2.0084       2.9358      0.0024     61   1.000   0.0024
4413  [     0  8  ]     -2.0084       2.9376      0.0024     61   1.000   0.0024
3204  [     0  8  ]     -2.0080       2.9367      0.0028     61   1.000   0.0028
2177  [     4 11  ]     -3.3629       6.3515      0.0033    121   0.733  -0.4013
6416  [     4  4  ]     -4.1032       9.4952      0.0039     11   0.500  -0.3097
4313  [     0 16  ]     -2.0068       2.9485      0.0040      9   1.000   0.0040
8326  [     0  8  ]     -2.0060       2.9124      0.0048      1   1.000   0.0048
 820  [     0  8  ]     -2.0051       2.9777      0.0057     14   1.000   0.0057
7402  [     2 12  ]     -2.9053       4.6092      0.0094    194   0.857  -0.3852
9012  [     0 10  ]     -1.9995       2.9467      0.0112      1   1.000   0.0112
8448  [     4  4  ]     -4.0953       9.3298      0.0118      2   0.500  -0.3018
 389  [     2 10  ]     -2.9887       4.9669      0.0128     63   0.833  -0.3837
2162  [     2 13  ]     -2.8671       4.3327      0.0129      1   0.867  -0.3809
9210  [     6  6  ]     -4.0942       9.3112      0.0129     11   0.500  -0.3007
2358  [     4  4  ]     -4.0940       9.3363      0.0131      1   0.500  -0.3005
9057  [     2  2  ]     -4.0930       9.3345      0.0141     12   0.500  -0.2996
1468  [     2 10  ]     -2.9870       4.7939      0.0145      2   0.833  -0.3819
  36  [     0 12  ]     -1.9960       2.9607      0.0147      1   1.000   0.0147
9277  [     4  4  ]     -4.0924       9.3644      0.0147      6   0.500  -0.2989
3928  [     4  4  ]     -4.0920       9.3259      0.0151      1   0.500  -0.2985
1946  [     2 10  ]     -2.9858       5.0446      0.0158    186   0.833  -0.3807
8875  [     3  8  ]     -3.3720       6.4744      0.0162     12   0.727  -0.3888
8983  [     6  9  ]     -3.7848       8.2032      0.0162      5   0.600  -0.3479
8476  [     4 12  ]     -3.2891       6.1260      0.0163      2   0.750  -0.3870
9361  [     4  6  ]     -3.7847       8.1569      0.0163      1   0.600  -0.3477
1429  [     4  4  ]     -4.0906       9.3369      0.0165      1   0.500  -0.2971
1655  [     2  6  ]     -3.2886       6.0987      0.0167     63   0.750  -0.3865
4163  [     2  6  ]     -3.2882       6.1006      0.0171     11   0.750  -0.3861
9271  [     0  8  ]     -1.9935       2.9412      0.0172     12   1.000   0.0172
2592  [     2  6  ]     -3.2878       6.1340      0.0175     67   0.750  -0.3857
3329  [     0  6  ]     -1.9929       2.9749      0.0179      1   1.000   0.0179
6654  [     2  6  ]     -3.2870       6.1391      0.0184     67   0.750  -0.3848
6195  [     2  6  ]     -3.2858       6.1391      0.0195     40   0.750  -0.3837
3703  [     0  6  ]     -1.9910       2.9461      0.0198      1   1.000   0.0198
7902  [     4  8  ]     -3.5731       7.3488      0.0200     11   0.667  -0.3739
5566  [     4  6  ]     -3.7806       8.2665      0.0204     15   0.600  -0.3437
8986  [     6  6  ]     -4.0865       9.1602      0.0206      5   0.500  -0.2930
1654  [     0  8  ]     -1.9874       2.9525      0.0234      2   1.000   0.0234
4091  [     2 11  ]     -2.9299       4.7809      0.0248      8   0.846  -0.3706
4675  [     2 12  ]     -2.8896       4.5392      0.0251     36   0.857  -0.3695
4646  [     4  4  ]     -4.0812       9.1490      0.0259    194   0.500  -0.2877
1659  [     0  8  ]     -1.9844       2.9487      0.0264      1   1.000   0.0264
5791  [     2  8  ]     -3.0966       5.4156      0.0265     12   0.800  -0.3727
6137  [     4  8  ]     -3.5661       7.3584      0.0270     40   0.667  -0.3669
6158  [     2  8  ]     -3.0960       5.4134      0.0270     12   0.800  -0.3721
8235  [     3 11  ]     -3.1480       5.6671      0.0271      8   0.786  -0.3732
4206  [     2 12  ]     -2.8869       4.5753      0.0278      8   0.857  -0.3668
7167  [     3 11  ]     -3.1462       5.6385      0.0289      8   0.786  -0.3714
4259  [     4  6  ]     -3.7718       8.1943      0.0292     13   0.600  -0.3348
1227  [     2 11  ]     -2.9250       4.8214      0.0297    156   0.846  -0.3657
3877  [     2  9  ]     -3.0271       5.1187      0.0297      1   0.818  -0.3680
2277  [     2 15  ]     -2.7700       3.9683      0.0302      8   0.882  -0.3398
1683  [     0 16  ]     -1.9803       2.9406      0.0305      1   1.000   0.0305
6157  [     4  6  ]     -3.7705       8.1941      0.0305      2   0.600  -0.3336
7195  [     4  7  ]     -3.6571       7.6022      0.0305    111   0.636  -0.3498
3115  [     2 11  ]     -2.9239       4.8037      0.0309      1   0.846  -0.3646
8719  [     4 10  ]     -3.4046       6.6376      0.0310      6   0.714  -0.3751
 373  [     3 10  ]     -3.2041       5.8712      0.0312     12   0.769  -0.3705
1209  [     2 15  ]     -2.7679       3.9635      0.0323    160   0.882  -0.3377
5278  [     4 11  ]     -3.3336       6.3748      0.0325      6   0.733  -0.3721
3611  [     4  9  ]     -3.4755       6.9624      0.0328      5   0.692  -0.3677
8063  [     2  6  ]     -3.2726       6.2777      0.0328      1   0.750  -0.3704
5292  [     4 10  ]     -3.4024       6.6310      0.0332      1   0.714  -0.3730
2937  [     3  6  ]     -3.5596       7.2833      0.0335     12   0.667  -0.3604
4013  [     2  8  ]     -3.0894       5.4399      0.0336      2   0.800  -0.3656
5985  [     4  9  ]     -3.4744       6.9041      0.0339      6   0.692  -0.3666
1878  [     2  6  ]     -3.2713       6.2960      0.0341    155   0.750  -0.3692
7079  [     2  8  ]     -3.0882       5.5104      0.0348     67   0.800  -0.3644
 273  [     3  9  ]     -3.2704       6.1896      0.0349      8   0.750  -0.3683
8923  [     4  5  ]     -3.9014       8.7704      0.0356      1   0.556  -0.3060
1703  [     6  8  ]     -3.8527       8.5772      0.0358      2   0.571  -0.3139
1819  [     4 10  ]     -3.3995       6.6159      0.0361      6   0.714  -0.3700
 613  [     2 12  ]     -2.8785       4.5308      0.0362      2   0.857  -0.3584
6419  [     2  6  ]     -3.2692       6.0584      0.0362      2   0.750  -0.3670
8297  [     2  8  ]     -3.0866       5.4571      0.0364      2   0.800  -0.3627
5204  [     2  9  ]     -3.0198       5.1941      0.0370     12   0.818  -0.3608
7525  [     3 11  ]     -3.1377       5.6579      0.0374      1   0.786  -0.3629
6746  [     4  6  ]     -3.7634       8.1702      0.0376      8   0.600  -0.3264
4089  [     6  8  ]     -3.8506       8.5381      0.0379      2   0.571  -0.3118
1944  [     2 11  ]     -2.9165       4.6517      0.0382      5   0.846  -0.3572
5926  [     2  6  ]     -3.2660       6.3873      0.0394     15   0.750  -0.3639
2325  [     4  7  ]     -3.6481       7.7459      0.0395      1   0.636  -0.3408
6861  [     4  6  ]     -3.7615       8.1406      0.0395    111   0.600  -0.3245
 739  [     3 10  ]     -3.1951       5.7789      0.0401     71   0.769  -0.3616
4716  [     8  7  ]     -4.1641       9.8707      0.0409      1   0.467  -0.2518
4402  [     2  6  ]     -3.2642       6.4013      0.0411    167   0.750  -0.3621
9319  [     4 10  ]     -3.3941       6.6669      0.0415     28   0.714  -0.3646
7309  [     4  7  ]     -3.6459       7.7571      0.0417      3   0.636  -0.3386
7407  [     3 11  ]     -3.1327       5.6076      0.0424      1   0.786  -0.3579
5762  [     3  9  ]     -3.2621       6.1198      0.0432      1   0.750  -0.3600
2794  [     2  8  ]     -3.0797       5.4898      0.0434      1   0.800  -0.3558
5892  [     4  7  ]     -3.6440       7.7328      0.0436      1   0.636  -0.3367
9369  [     4  6  ]     -3.7571       8.1541      0.0439      2   0.600  -0.3202
9675  [     4  2  ]     -4.5517      11.7743      0.0451     11   0.333  -0.1640
7480  [     4  5  ]     -3.8919       8.7406      0.0452      1   0.556  -0.2965
3368  [     3 11  ]     -3.1298       5.5499      0.0453      8   0.786  -0.3550
8236  [     3 11  ]     -3.1295       5.5783      0.0456      1   0.786  -0.3547
8273  [     3  8  ]     -3.3427       6.5609      0.0456      1   0.727  -0.3595
1568  [     4 11  ]     -3.3204       6.3692      0.0457      1   0.733  -0.3589
3513  [     3  8  ]     -3.3423       6.5364      0.0459      1   0.727  -0.3592
6247  [     4  8  ]     -3.5469       7.2219      0.0463      5   0.667  -0.3476
1042  [     2  7  ]     -3.1577       5.8421      0.0464      2   0.778  -0.3546
5436  [     3  8  ]     -3.3418       6.5276      0.0464      1   0.727  -0.3587
1001  [     2 10  ]     -2.9550       4.8835      0.0465      2   0.833  -0.3500
5741  [     4 10  ]     -3.3890       6.6075      0.0466     28   0.714  -0.3595
7542  [     2 11  ]     -2.9081       4.7974      0.0466      1   0.846  -0.3488
5615  [     4  3  ]     -4.2702      10.2612      0.0467     10   0.429  -0.2221
5538  [     4  7  ]     -3.6405       7.7155      0.0472      1   0.636  -0.3332
 204  [     2  7  ]     -3.1567       5.7145      0.0473      8   0.778  -0.3536
9573  [     3 10  ]     -3.1880       5.8319      0.0473      2   0.769  -0.3544
8031  [     8  4  ]     -4.5492      11.6428      0.0476     63   0.333  -0.1614
5724  [     1  4  ]     -3.0746       5.4289      0.0484     12   0.800  -0.3508
2701  [     4  5  ]     -3.8885       8.7747      0.0486      1   0.556  -0.2931
8991  [     3  7  ]     -3.4342       6.8304      0.0487      8   0.700  -0.3538
1035  [     2  8  ]     -3.0743       5.5060      0.0488      2   0.800  -0.3504
4827  [     2 10  ]     -2.9526       5.0441      0.0489      8   0.833  -0.3476
7165  [     3 14  ]     -2.9883       4.9552      0.0489      1   0.824  -0.3484
8132  [     4  8  ]     -3.5440       7.3217      0.0492     14   0.667  -0.3447
7654  [     4 10  ]     -3.3861       6.6226      0.0495     11   0.714  -0.3566
8451  [     4  3  ]     -4.2672      10.4028      0.0497      6   0.429  -0.2191
8857  [     6  8  ]     -3.8387       8.5796      0.0497      1   0.571  -0.2999
3114  [     3 13  ]     -3.0276       5.1941      0.0499      1   0.812  -0.3483
 973  [     2 13  ]     -2.8300       4.3644      0.0500    156   0.867  -0.3438
5738  [     2 12  ]     -2.8647       4.6094      0.0500      8   0.857  -0.3445
7659  [     2 11  ]     -2.9047       4.6822      0.0501     12   0.846  -0.3453
8599  [     3 11  ]     -3.1250       5.5481      0.0501      8   0.786  -0.3502
7879  [     4 10  ]     -3.3854       6.6693      0.0502      1   0.714  -0.3559
 869  [     2 12  ]     -2.8644       4.6220      0.0503     15   0.857  -0.3443
1275  [     2  8  ]     -3.0725       5.2626      0.0505      1   0.800  -0.3487
1737  [     2  9  ]     -3.0061       5.2043      0.0507      8   0.818  -0.3470
 694  [     2  7  ]     -3.1532       5.7180      0.0509     21   0.778  -0.3501
 915  [     2  8  ]     -3.0713       5.2718      0.0517      1   0.800  -0.3475
3015  [     2 10  ]     -2.9499       5.0877      0.0517    187   0.833  -0.3448
 854  [     2 14  ]     -2.7977       4.1564      0.0519    156   0.875  -0.3412
1444  [     2 16  ]     -2.7042       3.8217      0.0522    194   0.889  -0.2972
9749  [     4  5  ]     -3.8845       8.7765      0.0525      1   0.556  -0.2891
1942  [     4  9  ]     -3.4557       6.9877      0.0526      6   0.692  -0.3478
5645  [     5 10  ]     -3.5405       7.3038      0.0527      1   0.667  -0.3412
4888  [     2  5  ]     -3.3823       6.4173      0.0533    115   0.714  -0.3528
   5  [     0 14  ]     -1.9574       2.9426      0.0534      1   1.000   0.0534
1801  [     3 13  ]     -3.0237       5.0622      0.0538      1   0.812  -0.3444
8829  [     3 12  ]     -3.0691       5.2632      0.0539      8   0.800  -0.3452
5795  [     4  6  ]     -3.7468       8.1869      0.0542      7   0.600  -0.3099
 414  [     3  9  ]     -3.2511       6.0461      0.0543      8   0.750  -0.3489
1932  [     2 14  ]     -2.7947       4.1773      0.0549     11   0.875  -0.3383
5111  [     2  7  ]     -3.1488       5.7414      0.0553      1   0.778  -0.3457
2522  [     4 10  ]     -3.3802       6.5943      0.0554      1   0.714  -0.3507
6585  [     3 11  ]     -3.1196       5.6363      0.0555      8   0.786  -0.3448
5982  [     4 10  ]     -3.3797       6.6076      0.0559      6   0.714  -0.3503
7716  [     4  4  ]     -4.0511       9.2614      0.0559     11   0.500  -0.2577
8108  [     3 16  ]     -2.9132       4.6356      0.0564     12   0.842  -0.3394
9079  [     5  9  ]     -3.6110       7.6564      0.0564      8   0.643  -0.3268
2844  [     4  4  ]     -4.0506       9.2609      0.0565     11   0.500  -0.2571
7887  [     3 10  ]     -3.1782       5.8923      0.0571      1   0.769  -0.3446
4680  [     4 13  ]     -3.1945       5.8946      0.0573      6   0.765  -0.3447
5215  [     3  7  ]     -3.4254       6.9158      0.0575      1   0.700  -0.3450
8229  [     2 13  ]     -2.8225       4.3259      0.0575    160   0.867  -0.3363
9254  [     2  7  ]     -3.1463       5.8522      0.0578      8   0.778  -0.3432
7524  [     4 10  ]     -3.3774       6.6720      0.0582      6   0.714  -0.3479
1022  [     4  8  ]     -3.5349       7.3371      0.0583      2   0.667  -0.3356
4438  [     4 11  ]     -3.3074       6.3124      0.0588      8   0.733  -0.3458
6943  [     2 11  ]     -2.8958       4.6772      0.0589      8   0.846  -0.3365
2664  [     2 10  ]     -2.9425       4.9181      0.0590     12   0.833  -0.3375
2771  [     6 10  ]     -3.6639       7.8915      0.0591      1   0.625  -0.3161
6953  [     4  7  ]     -3.6282       7.6654      0.0594      6   0.636  -0.3209
4927  [     6  8  ]     -3.8288       8.4709      0.0596      2   0.571  -0.2900
1933  [     3 13  ]     -3.0177       5.1676      0.0598      1   0.812  -0.3384
6844  [     6  6  ]     -4.0473       9.5161      0.0598     12   0.500  -0.2538
 781  [     3  8  ]     -3.3283       6.4938      0.0599      1   0.727  -0.3452
6578  [     2 13  ]     -2.8201       4.3446      0.0599      1   0.867  -0.3339
4825  [     2 10  ]     -2.9415       5.0506      0.0600    216   0.833  -0.3365
1542  [     1  6  ]     -2.8545       4.6328      0.0602     12   0.857  -0.3343
3335  [    16  1  ]     -5.3429      15.5320      0.0605      1   0.059   0.0236
7140  [     4  3  ]     -4.2564      10.4106      0.0606     38   0.429  -0.2082
9293  [     4  2  ]     -4.5361      11.7044      0.0607    164   0.333  -0.1484
2631  [     2 14  ]     -2.7888       4.1526      0.0608      8   0.875  -0.3324
 118  [     5  9  ]     -3.6065       7.5957      0.0609      1   0.643  -0.3223
9423  [     4  3  ]     -4.2560      10.4086      0.0609      6   0.429  -0.2079
 658  [     3  8  ]     -3.3270       6.3839      0.0613      8   0.727  -0.3438
6595  [     3 10  ]     -3.1739       5.8704      0.0613      8   0.769  -0.3403
5520  [     4  9  ]     -3.4469       7.0072      0.0614      6   0.692  -0.3391
4572  [     4  9  ]     -3.4468       6.8773      0.0615      1   0.692  -0.3390
8046  [     4  6  ]     -3.7390       8.1161      0.0620      1   0.600  -0.3021
 259  [     2 11  ]     -2.8927       4.8330      0.0621      6   0.846  -0.3334
2879  [     3 11  ]     -3.1131       5.6103      0.0621      8   0.786  -0.3383
7502  [     2  4  ]     -3.5307       7.3784      0.0624     11   0.667  -0.3314